> #NAmerica_Pacific (Canada/Alaska)	
214.244	59.273
215.023	59.576
215.684	59.918
216.668	60.206
217.595	60.465
218.402	60.401
218.926	60.310
219.872	60.381
220.604	60.090
221.140	59.762
221.647	59.336
222.181	58.925
222.893	58.438
223.105	58.090
223.478	57.634
223.791	57.118
224.097	56.621
224.571	56.102
224.820	55.819
225.331	55.317
225.849	54.812
226.160	54.377
226.574	53.924
226.907	53.522
227.286	53.127
227.831	52.697
228.408	52.259
228.823	51.886
229.150	51.612
>#NAmerica_Pacific (California)	
235.258	40.313
235.584	40.311
235.837	39.914
236.110	39.439
236.403	38.997
236.695	38.541
237.304	37.874
237.620	37.527
237.995	37.205
238.695	36.698
239.103	36.338
239.562	35.910
240.064	35.450
240.671	34.981
241.088	34.837
241.600	34.658
241.928	34.564
242.254	34.441
242.493	34.350
242.841	34.181
243.340	34.042
243.791	33.771
244.227	33.421
244.404	33.237
244.283	33.130
244.406	33.040
244.492	32.958
244.419	32.876
244.588	32.710
244.788	32.512
244.670	32.418
244.915	32.236
245.235	31.995
245.478	31.786
245.668	31.602
245.793	31.458
245.882	31.356
245.670	31.194
245.561	31.097
245.697	30.912
245.871	30.680
246.014	30.513
246.193	30.313
245.959	30.121
246.091	29.982
246.242	29.834
246.130	29.730
246.031	29.646
246.225	29.440
246.479	29.205
246.719	29.008
246.661	28.950
246.913	28.715
247.188	28.499
247.411	28.322
247.679	28.125
>#NAZ_Panama	
281.354	7.337
281.249	7.329
281.018	7.319
280.760	7.301
280.530	7.228
280.342	7.184
280.154	7.160
279.904	7.101
279.750	7.133
279.637	7.221
279.461	7.335
279.313	7.415
279.216	7.358
279.106	7.294
278.962	7.222
278.837	7.172
278.658	7.099
278.513	7.055
278.416	7.039
278.259	7.061
278.111	6.978
278.056	6.950
277.910	6.967
277.875	7.008
277.798	7.041
277.727	7.129
277.661	7.251
277.508	7.296
277.383	7.307
277.314	7.278
277.252	7.283
277.189	7.303
277.125	7.366
> #PAC_AUS (Alpine Fault)	
169.136	-43.845
169.647	-43.594
170.103	-43.358
170.638	-43.088
170.995	-42.932
171.277	-42.743
171.473	-42.675
171.859	-42.616
172.593	-42.483
173.126	-42.392
173.724	-42.291
174.304	-42.201
174.988	-42.122
175.503	-42.059
>#AUS_PAC (South)	
163.047	-50.273
162.963	-50.369
162.785	-50.443
162.594	-50.549
162.453	-50.668
162.273	-50.817
162.049	-50.962
161.825	-51.118
161.716	-51.192
161.542	-51.399
161.368	-51.542
161.162	-51.751
161.026	-51.924
160.762	-52.166
160.671	-52.292
160.535	-52.433
160.342	-52.634
160.092	-52.822
159.905	-52.991
159.731	-53.170
159.512	-53.345
159.318	-53.598
159.216	-53.619
159.142	-53.812
158.985	-54.088
158.885	-54.308
158.740	-54.559
158.674	-54.689
158.618	-54.928
158.596	-55.047
158.540	-55.272
158.465	-55.522
158.332	-55.779
158.226	-56.022
158.153	-56.165
158.042	-56.311
157.944	-56.438
157.823	-56.725
157.703	-56.992
157.640	-57.230
157.615	-57.474
157.620	-57.784
157.751	-58.068
157.920	-58.334
158.121	-58.605
158.267	-58.779
158.385	-58.858
158.650	-59.070
158.972	-59.305
159.186	-59.511
159.413	-59.732
159.691	-59.939
159.803	-60.006
160.327	-60.504
160.740	-61.053
161.129	-61.384
161.228	-61.457
>#Burma_India	
92.517	14.384
92.941	14.869
93.368	15.353
93.788	15.562
94.209	15.770
95.095	15.813
95.911	15.535
96.406	15.135
>	
298.447	18.959
297.824	19.275
297.153	19.574
296.640	19.691
296.240	19.724
295.656	19.779
294.871	19.833
294.306	19.829
293.741	19.825
292.960	19.754
292.469	19.721
291.978	19.687
291.147	19.589
290.585	19.696
290.022	19.802
289.373	20.002
288.723	20.201
288.196	20.267
287.668	20.331
286.761	20.291
286.006	20.166
285.251	20.037
284.761	19.990
284.271	19.942
283.644	19.845
283.017	19.747
282.327	19.623
281.639	19.497
280.989	19.382
280.340	19.264
279.790	19.160
279.242	19.054
278.744	18.960
278.246	18.865
278.311	18.333
278.375	17.802
277.756	17.691
277.135	17.626
276.294	17.481
275.752	17.344
275.090	17.107
274.329	16.911
273.680	16.694
273.034	16.476
272.277	16.251
271.649	15.958
271.124	15.622
270.628	15.215
270.282	14.815
269.963	14.392
269.574	13.917
269.190	13.394
269.102	12.584
>	
302.238	10.634
302.467	11.144
302.576	11.661
302.532	12.427
302.432	13.102
302.289	13.874
302.209	14.499
302.087	14.864
301.712	15.150
301.474	15.284
301.334	15.412
301.308	15.770
301.199	15.991
301.176	16.397
300.912	16.912
300.535	17.243
300.181	17.548
299.949	17.823
299.722	18.191
299.466	18.513
299.271	18.595
299.088	18.889
298.447	18.959
>	
336.430	36.646
337.107	36.702
337.784	36.754
338.493	36.820
339.203	36.881
339.760	36.954
340.318	37.025
341.382	37.307
341.876	37.466
342.416	37.503
343.258	37.435
344.158	37.297
344.613	37.212
344.857	37.021
345.589	37.210
346.325	37.395
347.097	36.864
347.858	36.328
348.415	35.851
349.077	36.098
349.571	36.392
350.023	36.651
350.455	36.430
351.215	36.051
351.969	35.667
352.807	35.273
353.270	35.063
353.936	34.784
353.960	34.517
354.000	34.263
354.192	34.019
354.603	33.985
354.928	34.078
355.294	34.068
355.944	34.199
356.218	35.014
356.251	35.596
356.704	35.858
357.107	36.018
357.427	36.105
358.008	35.898
358.484	35.771
359.252	35.776
>	
0.003	35.904
0.667	36.072
1.245	36.282
1.970	36.503
2.380	36.594
3.454	36.851
4.297	36.970
5.142	37.082
5.974	37.154
6.784	37.322
7.215	37.320
7.805	37.358
8.265	37.467
8.627	37.790
8.942	38.212
9.264	38.341
9.700	38.470
10.089	38.572
10.373	38.685
10.609	38.821
10.827	38.994
11.118	39.067
11.363	39.075
11.659	39.033
11.778	38.934
12.057	38.878
12.434	38.849
12.708	38.600
13.314	38.611
13.811	38.625
14.114	38.695
14.514	38.765
15.175	38.292
15.499	38.401
15.639	38.299
15.551	38.114
15.421	37.886
15.344	37.615
15.375	37.340
15.832	37.274
16.236	37.309
16.824	37.398
17.168	37.503
17.420	37.701
17.612	37.993
17.773	38.285
17.845	38.461
18.031	38.516
18.086	38.794
18.062	39.006
17.960	39.170
18.364	38.947
18.895	38.694
19.584	38.272
20.000	37.908
>	
60.215	18.240
60.456	18.798
60.712	19.306
60.970	19.813
61.230	20.230
61.492	20.644
61.848	21.126
62.096	21.425
62.132	22.083
62.502	22.385
62.877	22.683
63.631	23.201
64.275	23.694
64.651	24.038
65.028	24.382
>	
60.215	18.240
60.062	17.458
60.020	16.713
59.964	16.142
59.909	15.572
59.642	15.242
59.410	14.895
>	
68.274	-6.811
69.007	-6.538
69.806	-6.445
70.292	-6.474
70.786	-6.502
71.313	-6.599
71.834	-6.696
72.355	-6.867
72.884	-7.038
73.392	-7.039
73.544	-6.191
73.704	-5.778
73.770	-4.927
73.883	-4.307
74.358	-4.411
74.833	-4.514
75.518	-4.776
76.203	-5.038
76.779	-5.046
77.355	-5.055
77.981	-4.994
78.606	-4.932
79.141	-4.752
79.676	-4.573
80.374	-4.393
81.072	-4.213
81.701	-4.031
82.330	-3.848
82.796	-3.641
83.263	-3.433
83.729	-3.225
84.195	-3.017
84.987	-3.181
85.779	-3.344
86.501	-3.716
87.225	-4.088
87.923	-3.529
88.620	-2.969
88.828	-2.271
89.036	-1.574
89.430	-1.179
89.825	-0.783
90.630	-0.450
91.436	-0.117
92.241	0.216
93.046	0.549
93.852	0.882
94.415	1.493
94.979	2.104
>	
32.125	-46.998
32.663	-46.191
33.171	-45.382
33.678	-44.561
34.157	-43.747
34.636	-42.931
35.090	-42.103
35.528	-41.254
35.955	-40.403
36.371	-39.550
36.777	-38.696
37.174	-37.840
37.562	-36.984
36.721	-36.433
35.892	-35.876
35.075	-35.314
34.269	-34.746
33.474	-34.173
32.690	-33.595
31.917	-33.012
31.153	-32.425
30.400	-31.833
29.656	-31.236
28.921	-30.635
28.341	-29.849
>	
330.511	-55.033
329.094	-54.822
327.633	-54.585
326.266	-54.460
326.645	-54.860
326.942	-55.458
326.309	-55.605
325.409	-55.729
323.892	-55.642
323.154	-55.215
322.190	-55.086
321.285	-54.853
320.289	-54.633
319.340	-54.397
318.403	-54.154
317.590	-53.880
316.787	-53.600
315.791	-53.270
314.809	-52.931
313.586	-52.830
312.337	-52.691
310.837	-52.664
309.329	-52.710
307.824	-52.873
306.618	-53.209
305.259	-53.406
304.403	-53.530
303.543	-53.649
302.250	-53.626
300.754	-53.598
299.468	-53.674
298.067	-53.810
297.179	-53.917
296.287	-54.018
295.212	-54.173
294.129	-54.318
292.596	-54.394
291.011	-54.430
290.133	-54.231
289.487	-54.099
288.709	-53.923
287.918	-53.718
286.990	-53.313
285.965	-52.911
285.004	-52.556
284.257	-52.315
283.517	-52.068
>	
315.774	-60.243
316.849	-60.376
317.933	-60.501
318.786	-60.975
320.173	-60.634
320.907	-61.018
322.439	-61.243
323.582	-61.392
325.175	-60.989
326.554	-60.701
327.633	-60.409
328.986	-60.512
330.262	-60.575
331.257	-60.601
332.303	-60.617
>	
303.075	-60.565
303.731	-60.742
304.190	-60.700
304.933	-60.763
305.691	-60.978
305.699	-61.510
>	
281.354	7.337
281.771	7.510
281.987	7.637
282.293	7.829
282.466	8.012
282.669	8.105
282.851	8.190
283.094	8.443
283.316	8.731
283.299	9.017
283.294	9.379
283.297	9.761
283.406	10.090
283.544	10.328
283.725	10.574
283.936	10.765
284.095	11.087
284.369	11.390
284.630	11.595
284.877	11.764
285.204	11.914
285.524	12.021
285.693	12.224
285.942	12.386
286.126	12.743
286.368	13.058
286.697	13.290
287.084	13.368
287.572	13.410
288.160	13.465
288.805	13.503
289.048	13.438
289.341	13.310
289.504	13.162
289.817	12.930
290.137	12.668
290.406	12.450
290.652	12.175
290.976	11.844
291.270	11.513
291.621	11.174
291.913	10.814
292.039	10.500
292.501	10.592
293.131	10.667
293.563	10.662
294.036	10.653
294.474	10.615
294.879	10.600
295.003	10.539
295.492	10.474
295.790	10.519
296.122	10.532
>	
176.184	-16.552
176.377	-16.569
176.545	-16.557
176.671	-16.553
176.790	-16.545
176.883	-16.544
176.949	-16.524
177.035	-16.516
177.130	-16.505
177.190	-16.504
177.269	-16.506
177.412	-16.510
177.414	-16.301
177.345	-16.302
177.400	-16.212
177.588	-16.225
177.721	-16.229
177.806	-16.227
177.876	-16.222
178.007	-16.172
178.086	-16.149
178.171	-16.115
178.283	-16.110
178.402	-16.104
178.491	-16.092
178.524	-15.984
178.562	-15.897
178.936	-15.812
179.332	-15.729
179.614	-15.677
179.890	-15.654
180.261	-15.542
180.556	-15.527
181.188	-15.377
181.736	-15.325
182.309	-15.398
182.870	-15.559
183.340	-15.600
183.470	-15.490
183.540	-15.420
183.610	-15.310
183.660	-15.180
183.670	-15.050
183.680	-14.900
183.660	-14.780
183.650	-14.630
183.654	-14.634
184.135	-14.478
184.691	-14.407
185.246	-14.334
185.917	-14.379
186.164	-14.534
>	
176.121	-21.166
175.733	-21.422
175.231	-21.750
174.584	-22.170
174.034	-22.488
172.439	-23.178
>	
179.790	-15.218
179.389	-14.975
179.012	-14.784
178.469	-14.501
178.029	-14.309
177.417	-14.055
177.167	-13.948
176.966	-13.853
176.618	-13.731
176.256	-13.672
176.021	-13.643
175.947	-13.422
175.659	-13.326
175.314	-13.244
174.898	-13.335
174.784	-13.395
174.661	-13.415
174.482	-13.396
173.941	-13.295
173.671	-13.517
173.049	-13.490
172.571	-13.411
172.434	-13.435
172.300	-13.481
172.163	-13.569
171.972	-13.678
171.619	-13.750
171.296	-13.793
171.295	-14.066
171.181	-14.083
170.945	-14.093
170.642	-14.088
170.638	-13.942
170.150	-13.974
169.739	-13.953
169.739	-13.824
169.622	-13.808
169.456	-13.811
169.231	-13.800
169.234	-13.651
169.026	-13.639
168.792	-13.630
168.577	-13.602
168.596	-13.514
168.159	-13.515
167.157	-13.649
166.154	-13.779
>	
120.886	-11.493
121.110	-11.493
121.783	-11.412
122.627	-11.188
123.217	-10.995
123.960	-10.708
124.734	-10.390
125.159	-10.159
125.482	-9.984
125.869	-9.784
126.333	-9.596
126.853	-9.390
127.430	-9.221
127.900	-9.133
128.376	-9.095
129.106	-9.020
129.861	-8.926
130.540	-8.726
130.933	-8.562
131.415	-8.267
131.867	-7.661
132.431	-6.989
132.689	-6.681
133.188	-6.515
133.686	-6.348
133.982	-5.641
133.449	-5.344
133.906	-4.812
134.966	-4.298
135.459	-4.218
136.167	-4.177
136.672	-4.199
137.177	-4.221
138.010	-4.337
138.484	-4.442
138.959	-4.548
139.731	-4.751
140.264	-4.931
140.798	-5.110
140.847	-5.145
141.483	-5.727
142.231	-5.986
142.956	-6.295
143.569	-6.558
144.136	-6.813
144.740	-7.023
145.249	-7.374
145.666	-7.661
146.398	-8.103
146.918	-8.410
146.954	-8.598
147.539	-8.886
148.207	-9.212
148.751	-9.570
149.133	-9.353
149.676	-9.801
150.245	-9.945
150.466	-9.687
151.005	-9.681
151.545	-9.676
151.654	-9.760
>	
96.480	14.400
97.390	14.419
98.300	14.434
99.210	14.446
99.766	14.838
100.297	15.462
100.832	16.084
101.141	16.575
101.451	17.066
102.032	17.350
102.615	17.633
103.180	17.660
103.746	17.685
104.312	17.708
104.878	17.730
105.817	17.750
106.756	17.766
107.695	17.777
108.634	17.784
109.573	17.785
110.512	17.783
111.040	17.870
111.569	17.955
112.098	18.038
112.628	18.121
113.313	18.280
114.000	18.438
114.419	18.826
114.926	19.340
115.494	19.687
116.319	19.815
117.145	19.940
117.504	20.330
117.864	20.720
118.045	21.498
118.484	22.107
118.958	22.003
119.618	22.269
120.036	21.951
120.452	21.632
120.425	22.043
120.394	22.581
120.360	23.198
120.546	23.979
120.981	24.654
121.335	24.963
121.575	24.691
>	
119.255	16.556
119.728	16.407
120.201	16.257
120.673	16.107
121.145	15.955
121.616	15.802
122.086	15.648
122.555	15.493
123.024	15.337
123.492	15.180
123.959	15.023
124.425	14.864
124.891	14.704
>	
138.359	9.379
139.192	9.065
139.886	8.866
140.579	8.666
141.048	8.392
141.517	8.118
142.262	7.611
142.666	7.388
143.070	7.166
143.558	6.805
144.026	6.677
144.664	6.611
145.067	6.503
145.471	6.353
146.001	6.160
146.382	5.883
146.730	5.511
147.078	5.138
147.425	4.765
147.772	4.393
148.191	3.776
148.694	3.137
148.668	2.629
148.684	2.058
148.700	1.487
148.863	0.937
149.112	0.406
149.191	-0.143
149.251	-0.397
149.270	-0.650
>	
142.246	-2.693
142.394	-2.462
142.626	-1.916
142.922	-1.454
143.260	-1.160
143.808	-0.951
144.357	-0.742
145.033	-0.534
145.497	-0.473
145.919	-0.349
146.595	-0.290
147.059	-0.294
147.354	-0.275
147.859	-0.426
148.344	-0.409
148.724	-0.392
148.913	-0.457
149.270	-0.650
149.481	-0.818
149.769	-1.005
150.023	-1.021
150.344	-1.123
150.717	-1.224
151.089	-1.308
151.427	-1.460
151.816	-1.646
152.155	-1.865
152.578	-2.134
152.916	-2.150
153.119	-2.200
153.390	-2.436
153.542	-2.604
153.711	-2.688
153.882	-3.041
154.035	-3.327
154.256	-3.612
154.359	-3.948
154.700	-4.283
154.955	-4.550
154.992	-4.887
154.978	-5.240
154.592	-5.581
154.545	-5.901
154.533	-6.423
154.730	-6.858
154.927	-7.293
>	
125.679	78.133
126.457	77.684
127.181	77.234
127.634	76.643
128.050	76.050
128.519	75.494
128.955	74.938
129.595	74.479
130.200	74.018
131.263	73.371
132.483	72.695
133.267	72.282
134.017	71.865
134.854	71.268
135.595	70.692
135.962	70.530
136.758	69.954
137.368	69.635
138.523	69.042
138.963	68.477
139.381	67.910
140.330	67.447
141.242	66.979
142.503	66.654
143.731	66.318
144.344	65.803
144.932	65.286
146.595	64.733
148.191	64.162
149.721	63.574
151.189	62.971
152.596	62.353
153.946	61.721
155.337	61.607
156.717	61.479
158.045	61.407
159.367	61.322
160.363	61.313
161.359	61.296
162.353	61.272
163.345	61.241
165.013	61.338
166.691	61.414
167.696	61.506
168.706	61.590
169.722	61.667
170.743	61.736
>	
144.932	65.286
145.487	64.438
146.008	63.587
146.499	62.734
146.963	61.880
146.126	61.570
145.306	61.255
144.502	60.935
143.715	60.611
142.943	60.282
142.187	59.948
142.086	59.479
141.988	59.009
141.893	58.539
141.800	58.069
141.709	57.598
141.621	57.128
141.535	56.658
141.451	56.188
141.700	55.650
141.943	55.112
142.179	54.574
142.409	54.035
142.849	53.384
142.784	53.042
142.692	52.542
142.541	51.700
142.398	50.857
142.521	50.318
142.641	49.778
142.761	49.241
142.878	48.704
142.023	48.051
141.178	47.392
140.553	46.956
139.938	46.516
139.370	46.224
139.158	45.947
139.038	45.412
138.850	44.811
138.577	44.295
138.563	43.939
138.801	43.192
138.811	42.766
138.824	41.995
138.743	41.769
138.489	41.482
138.475	41.103
138.756	40.782
138.655	40.474
138.655	40.072
138.352	39.832
138.085	39.659
137.845	39.404
137.774	38.982
137.848	38.485
137.889	37.856
137.902	37.184
137.854	36.600
137.894	36.311
138.121	36.027
138.259	35.734
138.421	35.360
138.674	35.034
>	
42.033	11.577
41.442	11.317
41.117	10.732
40.792	10.146
40.449	9.796
40.107	9.446
39.790	9.071
39.473	8.696
39.157	8.296
38.841	7.895
38.478	7.447
38.115	6.998
37.849	6.477
37.583	5.956
36.914	5.958
36.601	5.484
36.290	5.009
35.782	5.099
35.275	5.188
34.767	5.277
34.260	5.366
33.752	5.455
33.244	5.543
32.736	5.630
32.227	5.717
31.753	5.097
31.279	4.477
30.471	4.235
30.475	3.524
30.478	2.812
31.049	2.648
31.620	2.483
31.122	1.960
30.625	1.437
30.246	0.749
29.867	0.060
29.630	-0.626
29.392	-1.313
29.130	-1.809
28.868	-2.306
28.910	-3.134
28.953	-3.962
29.280	-4.557
29.608	-5.151
29.604	-5.625
29.600	-6.099
30.045	-6.791
30.493	-7.483
31.042	-7.631
31.592	-7.778
32.117	-8.162
32.643	-8.546
33.099	-8.643
33.556	-8.741
33.818	-9.598
34.081	-10.455
34.709	-11.027
34.441	-11.717
34.172	-12.406
34.071	-13.167
34.461	-13.859
34.853	-14.549
34.729	-15.191
34.604	-15.834
34.901	-16.334
35.199	-16.833
35.200	-17.404
35.200	-17.976
34.599	-18.356
34.272	-18.688
33.943	-19.019
33.613	-19.350
33.282	-19.681
33.196	-20.512
33.110	-21.344
32.636	-21.492
32.160	-21.639
31.684	-21.784
31.207	-21.928
30.729	-22.071
30.250	-22.212
29.770	-22.352
29.289	-22.491
28.844	-22.971
28.396	-23.450
27.944	-23.928
27.489	-24.404
27.592	-24.847
27.696	-25.291
27.800	-25.733
27.905	-26.177
27.253	-26.474
26.596	-26.768
26.595	-27.477
26.594	-28.187
27.179	-28.625
27.769	-29.060
28.054	-29.454
28.341	-29.849
>	
42.033	11.577
41.649	12.189
41.206	11.811
40.857	12.205
40.507	12.600
40.091	13.209
40.614	13.742
40.275	14.300
40.026	14.719
39.777	15.138
39.671	15.772
40.172	16.304
40.251	16.785
40.331	17.266
39.987	17.949
39.590	18.419
39.298	19.030
39.298	19.030
38.826	19.448
38.396	19.907
38.075	20.389
37.975	21.021
37.825	21.843
37.540	22.494
37.042	23.226
36.571	23.639
36.407	24.133
36.242	24.626
36.066	25.055
35.889	25.484
35.546	25.919
35.200	26.353
34.875	26.808
34.547	27.262
34.257	27.885
34.428	28.414
34.601	28.943
34.776	29.472
34.952	30.000
35.142	30.702
35.309	31.383
35.470	32.004
35.571	32.755
35.648	33.232
35.726	33.710
36.024	34.096
36.325	34.482
36.396	35.285
36.431	35.752
36.413	36.023
>	
36.413	36.023
36.389	36.260
36.466	36.730
36.790	37.398
37.083	37.512
37.682	37.834
38.042	37.994
38.365	38.121
38.856	38.314
39.402	38.497
40.163	38.768
40.624	38.857
41.001	39.080
40.449	39.393
39.892	39.702
39.268	39.909
38.795	40.009
38.021	40.269
37.062	40.600
36.169	40.849
35.527	41.002
34.832	41.123
34.286	41.159
33.405	41.023
32.393	40.860
31.482	40.679
31.116	40.615
30.774	40.601
30.007	40.768
29.030	40.686
28.725	40.668
27.987	40.618
27.568	40.640
27.256	40.789
26.597	40.553
26.010	40.326
25.417	40.156
25.861	39.708
26.256	39.529
26.610	39.298
27.138	38.876
27.672	38.499
27.954	38.228
28.200	37.965
28.278	37.757
28.254	37.521
28.254	37.269
28.411	36.983
28.789	36.361
29.137	35.970
29.389	35.728
29.731	35.427
>	
41.001	39.080
41.026	38.849
41.236	38.616
41.839	38.355
42.289	38.213
42.797	37.991
43.176	37.685
43.647	37.407
44.020	37.098
44.357	36.572
44.515	36.015
44.671	35.458
44.836	35.025
45.000	34.591
