> #PAC_Juan de Fuca	
235.258	40.313
234.550	40.354
233.841	40.390
233.131	40.422
232.421	40.450
232.421	40.539
232.283	40.573
232.361	41.081
232.440	41.589
232.554	41.555
232.599	41.640
232.759	41.692
232.961	42.357
233.373	43.014
232.429	43.419
231.472	43.818
230.502	44.208
229.520	44.589
229.633	44.930
229.931	45.285
229.813	45.414
230.064	45.736
230.131	45.896
229.927	45.943
229.949	46.196
230.083	46.229
230.197	46.433
230.428	46.402
230.741	47.065
231.062	47.727
230.810	47.835
231.060	48.324
230.853	48.476
231.081	48.869
230.295	49.177
229.499	49.479
229.838	49.983
229.700	50.055
229.838	50.217
229.671	50.298
229.746	50.465
229.247	50.908
228.926	51.185
229.150	51.612
>#NAmerica_Pacific	
247.679	28.125
247.985	27.906
248.289	27.694
248.494	27.570
248.618	27.497
248.431	27.215
248.627	27.105
248.494	26.927
248.772	26.723
249.043	26.535
249.242	26.416
249.320	26.361
249.222	26.225
249.428	26.066
249.709	25.889
249.976	25.706
250.128	25.607
250.194	25.557
249.993	25.339
250.212	25.180
250.409	25.016
250.650	24.857
250.822	24.735
250.938	24.658
250.724	24.396
250.998	24.152
251.194	23.984
251.390	23.814
251.561	23.674
251.643	23.614
251.349	23.241
251.612	23.082
251.730	22.610
251.590	22.440
251.470	22.280
251.480	22.200
251.410	22.100
251.320	21.960
251.420	21.910
251.418	21.905
>#Rivera_Pacific	
251.418	21.905
251.331	21.774
251.216	21.643
251.132	21.536
251.064	21.451
251.023	21.347
251.191	21.253
251.085	21.068
250.987	20.949
250.889	20.824
250.806	20.739
250.739	20.643
250.715	20.558
250.813	20.500
250.785	20.397
250.681	20.242
250.622	20.176
250.627	20.142
250.550	20.027
250.840	19.806
251.097	19.625
251.104	19.550
251.466	19.384
251.802	19.223
251.767	19.107
252.184	18.936
252.477	18.863
252.728	18.756
252.998	18.647
253.244	18.590
253.473	18.544
253.756	18.520
253.719	18.281
253.689	18.120
253.682	18.016
253.692	17.929
254.414	17.881
> #Cocos_Pacific 	
254.414	17.881
254.601	17.768
254.633	17.031
254.602	16.260
254.643	15.558
254.680	15.108
255.310	15.274
255.437	14.672
255.563	14.070
255.819	13.328
256.073	12.587
256.228	11.890
256.125	11.872
256.193	11.405
256.261	10.937
256.372	10.275
256.402	10.123
255.704	10.017
255.704	9.175
255.742	8.456
255.771	8.340
256.405	8.370
257.039	8.400
257.190	7.791
257.341	7.182
257.442	6.355
257.543	5.529
257.680	4.653
257.816	3.778
257.741	3.751
257.801	3.458
257.807	3.072
257.855	2.889
257.882	2.893
257.904	2.798
257.891	2.786
257.932	2.635
> #Cocos_Nazca	
257.932	2.635
258.122	2.642
258.303	2.640
258.510	2.605
258.488	2.232
258.797	2.241
258.804	2.199
258.933	2.210
259.356	2.204
259.606	2.207
259.934	2.207
259.953	2.300
260.087	2.272
260.189	2.273
260.261	2.269
260.343	2.190
261.082	2.112
261.111	2.213
261.633	2.145
262.154	2.077
262.449	2.088
262.415	1.898
263.120	1.886
263.825	1.873
263.880	2.238
264.776	2.222
264.802	2.507
265.596	2.440
266.389	2.372
267.072	2.300
267.755	2.227
267.910	2.200
267.882	1.990
268.462	2.011
268.439	1.817
269.303	1.736
269.337	1.120
270.216	1.073
271.096	1.025
271.976	0.977
272.855	0.929
273.734	0.880
274.614	0.832
274.651	1.644
275.424	1.598
275.429	2.066
275.433	2.534
275.533	3.112
276.077	3.139
276.622	3.165
277.194	3.118
277.125	3.595
277.125	4.072
277.125	4.563
277.125	5.054
277.125	5.833
277.125	6.562
277.125	7.118
>#GAL_NAZ	
257.819	1.134
257.918	1.206
258.041	1.269
258.175	1.334
258.356	1.404
258.420	1.318
258.513	1.389
258.577	1.338
258.652	1.399
258.685	1.350
258.805	1.423
258.847	1.386
258.953	1.471
258.926	1.514
259.036	1.655
259.027	1.679
259.092	1.743
259.026	1.832
258.951	1.906
258.851	1.980
258.730	2.049
258.644	2.104
258.562	2.160
>#GAL_PAC	
257.932	2.635
257.918	2.574
257.923	2.502
257.915	2.486
257.915	2.412
257.910	2.391
257.912	2.327
257.920	2.308
257.925	2.161
257.933	2.137
257.925	2.024
257.924	1.972
257.912	1.903
257.896	1.904
257.867	1.778
257.738	1.752
257.770	1.541
257.743	1.528
257.778	1.361
257.757	1.349
257.797	1.221
257.777	1.214
> #PAC_NAZ	
257.930	2.640
257.860	1.160
257.820	1.130
257.760	0.710
257.790	0.710
257.750	0.370
257.710	0.160
257.680	-0.020
257.600	-0.500
257.480	-1.280
257.600	-1.280
257.540	-1.530
257.690	-1.600
257.600	-1.910
257.380	-1.910
257.310	-2.440
257.250	-2.930
257.430	-2.940
257.430	-3.430
257.260	-4.060
256.360	-3.950
255.460	-3.840
255.300	-4.150
254.620	-4.080
254.460	-4.570
253.750	-4.490
253.550	-5.040
253.410	-5.620
253.260	-5.620
253.250	-6.020
253.150	-6.020
253.050	-6.440
252.560	-6.370
252.390	-6.760
252.350	-7.190
252.120	-7.510
251.940	-8.240
251.810	-8.360
251.680	-9.140
250.960	-9.040
250.240	-8.920
250.140	-9.680
249.930	-9.660
249.780	-10.080
249.710	-10.800
249.550	-10.820
249.510	-11.390
249.320	-11.470
249.070	-11.970
248.920	-12.740
249.110	-12.760
248.990	-13.410
248.810	-13.400
248.730	-13.540
248.150	-13.460
247.570	-13.390
247.560	-13.860
247.420	-14.060
247.390	-14.720
247.230	-14.700
247.130	-15.250
247.030	-15.790
246.930	-16.350
247.030	-16.360
246.830	-16.670
246.960	-16.680
246.760	-17.050
246.880	-17.070
246.670	-17.520
246.830	-17.540
246.610	-17.990
246.740	-18.010
246.620	-18.440
246.480	-18.760
246.640	-18.780
246.380	-19.290
246.500	-19.300
246.300	-19.970
246.200	-20.320
246.070	-20.570
245.910	-20.600
245.770	-21.120
245.680	-21.560
245.620	-21.630
245.580	-22.110
245.870	-22.110
246.090	-22.100
246.390	-22.130
246.720	-22.220
247.070	-22.410
247.420	-22.620
247.790	-22.820
248.080	-23.020
248.260	-23.210
248.130	-23.330
248.140	-23.480
248.170	-23.730
248.240	-23.860
248.290	-24.030
247.900	-24.110
247.880	-24.220
247.900	-24.450
247.950	-24.660
248.020	-24.890
248.020	-25.030
247.550	-25.060
247.560	-25.200
247.610	-25.430
247.630	-25.560
247.640	-25.660
247.560	-25.680
247.540	-25.790
247.460	-25.790
247.450	-25.930
247.380	-25.930
247.330	-26.040
247.320	-26.280
247.340	-26.550
247.320	-26.800
247.050	-26.720
247.020	-26.830
246.890	-27.010
246.870	-27.270
246.870	-27.580
247.000	-27.610
247.030	-27.850
247.040	-28.130
247.070	-28.380
246.990	-28.380
246.980	-28.550
246.980	-28.790
247.040	-29.010
247.630	-29.160
248.190	-29.270
248.250	-29.580
248.230	-30.020
248.220	-30.190
248.200	-30.420
248.150	-30.620
248.110	-30.670
248.050	-31.040
248.020	-31.390
248.040	-31.390
247.980	-31.540
247.977	-31.536
247.959	-31.774
247.937	-31.948
247.935	-32.114
247.849	-32.343
247.644	-32.328
247.585	-32.489
247.582	-32.794
247.558	-33.112
247.540	-33.399
247.496	-33.650
247.396	-33.663
247.372	-33.999
247.438	-34.300
247.583	-34.556
247.813	-34.674
248.244	-34.811
248.601	-34.912
248.874	-34.995
>#Easter_PAC	
245.579	-22.115
245.495	-22.196
245.502	-22.543
245.433	-23.024
245.125	-23.040
245.038	-23.179
244.817	-23.237
244.746	-23.397
244.401	-23.468
244.576	-23.884
244.598	-24.017
244.518	-24.105
244.088	-24.242
244.032	-24.383
243.816	-24.458
243.775	-24.556
243.901	-24.847
243.510	-25.172
243.647	-25.416
243.972	-25.674
244.231	-25.968
244.482	-26.243
244.709	-26.466
244.895	-26.604
245.474	-26.725
246.056	-26.790
246.392	-26.809
247.024	-26.830
> #PAC_ANT	
161.228	-61.457
161.975	-61.763
162.579	-62.213
163.202	-62.660
163.773	-62.475
164.275	-62.322
164.768	-62.177
165.103	-62.077
165.653	-62.473
165.969	-62.668
166.620	-63.087
166.858	-63.221
167.550	-62.971
168.277	-62.773
168.708	-62.632
169.238	-62.446
169.605	-62.676
170.068	-62.972
170.441	-63.149
171.009	-63.447
171.640	-63.807
172.164	-64.097
172.520	-64.256
173.631	-64.738
174.242	-64.508
174.814	-64.315
175.162	-64.174
175.582	-63.984
176.063	-64.188
176.549	-64.410
176.819	-64.506
177.338	-64.736
177.889	-64.975
178.240	-65.079
178.759	-65.274
179.381	-65.477
179.963	-65.739
180.803	-65.986
181.207	-66.163
182.074	-65.862
182.928	-65.607
184.271	-65.183
184.930	-65.505
185.582	-65.835
186.291	-65.506
187.483	-64.978
188.700	-64.356
189.957	-64.858
190.161	-64.764
190.891	-64.245
191.621	-63.730
192.487	-63.106
193.392	-62.490
193.801	-62.606
194.851	-63.007
196.079	-63.467
196.999	-62.967
197.939	-62.394
198.662	-62.614
199.570	-62.923
200.112	-62.595
201.297	-63.004
201.606	-62.789
202.399	-63.070
203.283	-63.324
203.978	-62.952
204.746	-62.433
205.676	-61.776
205.676	-61.776
205.819	-61.836
206.339	-61.399
207.057	-60.841
207.881	-60.158
208.671	-59.469
209.618	-59.718
210.191	-59.314
210.736	-58.822
211.724	-58.130
212.308	-57.555
212.833	-57.638
213.319	-57.308
214.021	-56.669
214.588	-56.228
215.143	-55.784
215.518	-55.910
216.676	-56.263
217.914	-56.619
218.789	-56.839
219.675	-57.053
219.959	-56.772
220.455	-56.268
220.809	-55.725
220.422	-55.615
220.747	-55.251
221.201	-54.712
221.662	-54.141
222.110	-53.568
222.110	-53.568
222.478	-53.688
223.410	-53.907
223.820	-53.396
224.693	-53.643
225.795	-53.887
227.130	-54.237
227.874	-54.432
228.625	-54.623
229.941	-54.931
230.655	-55.129
231.376	-55.321
232.769	-55.565
233.200	-55.064
233.803	-55.138
234.923	-55.454
235.738	-55.587
236.558	-55.715
237.345	-55.873
238.138	-56.026
238.365	-55.832
238.772	-55.219
240.315	-54.642
241.419	-54.819
241.687	-54.350
241.963	-53.691
242.339	-53.124
241.023	-52.897
241.125	-52.752
241.578	-52.212
241.880	-51.772
242.176	-51.331
242.478	-50.875
242.775	-50.418
243.198	-49.893
243.612	-49.368
244.767	-49.589
245.444	-49.721
246.125	-49.849
246.255	-49.357
246.472	-48.841
246.685	-48.324
246.869	-47.773
247.050	-47.222
247.315	-46.539
247.574	-45.854
247.325	-45.833
247.450	-45.494
247.619	-44.938
247.784	-44.381
248.029	-43.774
248.270	-43.166
248.462	-42.683
248.651	-42.200
249.046	-42.249
249.168	-41.355
249.246	-40.760
249.323	-40.164
249.467	-39.575
249.609	-38.986
248.730	-38.979
248.732	-38.878
248.933	-38.276
249.131	-37.674
249.332	-37.042
249.529	-36.410
249.529	-36.410
249.261	-36.358
249.285	-36.219
249.105	-35.797
249.123	-35.319
249.173	-35.091
249.473	-35.061
249.674	-34.946
249.859	-34.817
250.081	-34.702
250.309	-34.609
> #AUS_ANT	
69.960	-25.651
70.409	-26.060
70.665	-25.912
70.994	-26.187
71.135	-26.083
71.580	-26.454
71.717	-26.386
72.066	-26.656
72.008	-26.718
72.463	-27.146
72.920	-27.573
73.123	-27.446
73.399	-27.655
73.534	-27.570
73.968	-27.944
74.406	-28.317
74.192	-28.541
74.592	-28.903
74.994	-29.264
74.938	-29.328
75.554	-29.839
75.364	-30.006
75.515	-30.118
75.393	-30.240
75.797	-30.573
76.204	-30.906
76.148	-30.970
76.689	-31.465
76.395	-31.719
76.812	-32.090
77.233	-32.459
77.658	-32.828
78.086	-33.194
77.352	-33.838
77.917	-34.324
78.488	-34.807
78.442	-34.842
78.803	-35.161
78.201	-35.683
78.690	-36.098
79.184	-36.511
78.606	-36.998
78.021	-37.483
78.706	-38.001
78.182	-38.393
78.529	-38.659
78.073	-39.005
78.384	-39.262
78.002	-39.539
78.425	-39.905
77.825	-40.326
78.484	-40.866
78.659	-40.872
79.319	-41.384
79.990	-41.892
80.464	-41.512
80.932	-41.130
81.752	-41.722
82.588	-42.309
83.439	-42.890
83.853	-42.551
84.263	-42.210
84.669	-41.868
85.070	-41.525
85.466	-41.180
85.859	-40.834
86.402	-41.129
86.950	-41.421
87.502	-41.710
88.060	-41.997
88.488	-41.686
89.011	-41.944
89.537	-42.200
90.068	-42.454
90.603	-42.705
91.142	-42.953
91.686	-43.199
92.234	-43.443
92.786	-43.684
93.343	-43.922
93.904	-44.157
94.470	-44.390
95.040	-44.619
94.926	-44.805
95.806	-45.141
96.698	-45.471
96.274	-45.996
95.842	-46.520
96.458	-46.772
97.080	-47.020
97.707	-47.265
98.340	-47.506
98.979	-47.744
99.624	-47.978
100.202	-47.266
100.817	-47.465
101.436	-47.661
102.060	-47.853
102.688	-48.042
103.321	-48.228
103.959	-48.409
104.601	-48.588
105.247	-48.762
105.898	-48.933
106.554	-49.101
106.692	-48.841
107.486	-49.015
108.285	-49.182
108.240	-49.259
109.351	-49.523
110.472	-49.779
110.868	-49.829
111.129	-49.800
111.363	-49.930
111.666	-50.084
112.967	-50.200
114.024	-50.388
114.362	-49.878
115.500	-49.974
115.988	-49.852
116.256	-49.540
116.635	-49.271
117.523	-49.620
118.194	-49.865
118.547	-49.802
119.366	-49.938
120.273	-50.036
120.516	-49.524
120.842	-48.890
121.555	-49.006
121.437	-49.620
121.866	-49.736
122.224	-49.846
122.553	-49.812
122.797	-49.729
123.013	-49.542
123.328	-49.585
123.771	-49.122
124.007	-48.906
124.213	-48.848
124.607	-48.984
124.992	-49.153
125.125	-49.358
125.262	-49.598
125.896	-49.717
126.074	-49.401
126.264	-49.044
126.434	-48.630
126.861	-48.698
127.313	-48.764
127.243	-49.294
127.196	-49.643
127.143	-49.976
128.312	-50.159
129.412	-50.348
130.569	-50.525
131.256	-50.604
131.515	-50.222
132.261	-50.223
133.465	-50.306
134.245	-50.347
135.026	-50.384
135.246	-50.209
136.226	-50.248
136.946	-50.220
137.700	-50.234
138.401	-50.231
139.110	-50.256
139.645	-50.279
139.733	-51.174
139.813	-51.838
140.323	-51.798
140.400	-52.274
140.478	-52.750
140.584	-53.504
140.659	-53.885
141.451	-54.053
142.250	-54.215
143.778	-54.234
144.282	-54.799
145.401	-54.756
146.881	-54.695
147.043	-55.175
147.206	-55.654
147.373	-56.132
147.545	-56.610
147.721	-57.088
147.902	-57.566
148.076	-57.527
148.806	-57.436
149.150	-58.104
149.398	-58.552
149.652	-58.999
150.006	-59.570
150.733	-59.475
151.008	-59.944
151.290	-60.413
152.473	-60.176
153.639	-59.930
154.294	-60.681
154.981	-61.429
155.701	-62.174
156.457	-62.914
157.970	-62.478
159.440	-62.026
160.865	-61.559
> #ANT_NAZ	
283.994	-45.659
283.325	-45.643
282.339	-45.761
282.236	-45.589
282.010	-45.092
281.794	-44.411
281.107	-44.545
280.414	-44.666
279.719	-44.782
278.894	-44.876
278.065	-44.964
277.862	-44.404
277.649	-43.639
277.491	-42.861
276.552	-42.981
276.546	-42.873
276.396	-42.222
276.284	-41.674
276.173	-41.125
275.513	-41.191
274.852	-41.253
273.760	-41.393
272.664	-41.521
272.583	-41.273
271.553	-41.319
270.750	-41.378
269.946	-41.432
269.912	-41.058
269.261	-41.082
268.609	-41.103
268.524	-40.732
268.488	-40.282
268.452	-39.833
268.396	-39.349
268.342	-38.866
267.660	-38.918
266.978	-38.967
266.925	-38.429
266.004	-38.482
265.907	-37.717
265.870	-37.001
265.090	-36.985
264.311	-36.965
263.449	-36.921
262.587	-36.871
262.598	-36.294
261.583	-36.193
260.468	-36.133
259.355	-36.063
258.714	-35.997
258.074	-35.927
257.435	-35.854
256.798	-35.778
256.002	-35.694
255.207	-35.605
254.609	-35.524
254.012	-35.439
253.334	-35.394
252.657	-35.345
251.929	-35.240
251.203	-35.132
250.740	-34.540
250.720	-34.200
250.730	-33.920
250.790	-33.700
250.680	-33.390
250.590	-33.140
250.820	-33.020
251.030	-32.940
250.790	-32.660
250.560	-32.400
250.210	-32.120
249.790	-31.920
249.310	-31.720
248.800	-31.560
248.340	-31.560
> #CAP_SOM	
68.274	-6.811
67.811	-7.253
68.073	-7.648
67.642	-8.027
68.039	-8.492
67.565	-8.881
67.090	-9.270
67.378	-9.630
66.920	-9.990
66.460	-10.350
66.787	-10.762
66.167	-11.210
66.418	-11.559
65.698	-12.019
66.033	-12.426
66.369	-12.833
65.821	-13.268
66.210	-13.777
65.928	-13.979
66.208	-14.339
66.488	-14.698
66.888	-15.270
67.290	-15.821
67.383	-15.942
67.033	-16.139
67.410	-16.659
66.708	-17.090
66.143	-17.450
65.542	-17.783
65.007	-18.058
65.264	-18.443
65.522	-18.828
66.033	-19.577
66.428	-20.078
66.751	-19.870
67.040	-20.218
67.310	-20.073
67.593	-20.369
67.768	-20.280
67.897	-20.469
68.213	-20.291
68.559	-20.712
68.277	-20.878
68.653	-21.449
69.202	-22.088
68.797	-22.387
69.162	-22.830
69.558	-23.373
69.850	-23.709
69.402	-24.040
69.680	-24.369
69.939	-24.678
69.592	-24.970
70.090	-25.483
> #SOM_IND	
56.820	14.300
56.760	14.210
56.900	14.140
57.040	14.070
56.970	13.940
57.140	13.850
57.300	13.770
57.300	13.740
57.480	13.640
57.690	13.520
57.810	13.450
57.730	13.310
57.640	13.140
57.870	13.000
58.240	12.750
58.239	12.745
58.017	12.283
57.796	11.821
57.576	11.359
57.356	10.896
57.138	10.434
56.919	9.971
56.978	9.857
57.029	9.857
57.261	9.681
57.491	9.942
58.063	9.532
58.018	9.450
58.263	9.293
58.148	9.090
58.430	8.863
58.251	8.647
58.611	8.401
58.918	8.167
58.880	8.097
59.309	7.768
59.220	7.673
59.700	7.312
60.179	6.951
60.038	6.767
60.670	6.310
61.142	5.910
61.657	5.490
61.529	5.262
62.000	4.911
62.457	4.523
63.002	4.108
62.868	3.893
63.331	3.631
63.388	3.700
63.819	3.482
63.890	3.602
64.618	3.217
64.682	3.299
65.213	2.921
65.489	3.299
65.963	2.971
66.380	2.752
66.179	2.393
65.992	2.052
66.333	1.859
66.673	1.621
66.493	1.331
66.870	1.068
66.657	0.722
67.159	0.337
66.839	-0.039
67.209	-0.340
67.023	-0.578
67.662	-1.040
67.367	-1.440
67.929	-1.913
67.788	-2.088
68.249	-2.540
67.892	-2.888
68.270	-3.351
68.667	-3.771
68.349	-4.118
68.751	-4.549
68.199	-5.042
68.607	-5.472
68.219	-5.891
67.782	-6.259
> #SOM_ARAB	
56.265	14.623
56.208	14.643
56.179	14.621
56.057	14.641
55.822	14.692
55.668	14.722
55.631	14.681
55.480	14.729
55.278	14.788
55.108	14.851
55.047	14.712
54.958	14.727
54.731	14.801
54.549	14.870
54.511	14.760
54.451	14.621
54.387	14.640
54.332	14.671
54.287	14.681
54.249	14.691
54.193	14.710
54.149	14.733
54.069	14.772
54.018	14.657
53.929	14.489
53.862	14.351
53.818	14.361
53.579	14.441
53.358	14.512
53.220	14.562
53.211	14.538
53.122	14.559
52.907	14.622
52.737	14.681
52.667	14.561
52.547	14.597
52.299	14.663
52.139	14.689
51.940	14.353
51.763	14.028
51.570	13.667
51.449	13.458
51.343	13.272
51.253	13.122
51.079	13.192
50.842	13.279
50.661	13.362
50.573	13.218
50.429	13.273
50.310	13.313
50.252	13.229
50.167	13.123
50.061	13.167
49.849	13.251
49.680	13.313
49.593	13.169
49.472	13.008
49.430	13.042
49.349	12.897
49.278	12.802
49.070	12.853
48.882	12.908
48.803	12.770
48.699	12.658
48.567	12.691
48.448	12.729
48.349	12.573
48.268	12.602
48.142	12.641
48.048	12.671
47.991	12.581
47.901	12.461
47.788	12.492
47.649	12.519
47.588	12.441
47.539	12.369
47.319	12.430
47.161	12.463
47.130	12.359
47.049	12.388
46.992	12.403
46.930	12.300
46.849	12.211
46.717	12.248
46.579	12.292
46.511	12.202
46.429	12.087
46.311	12.142
46.198	12.172
46.150	12.112
46.110	12.058
45.851	12.100
45.650	12.152
45.637	12.159
45.602	12.073
45.522	11.983
45.428	12.018
45.328	12.052
45.281	11.998
45.097	11.999
44.913	12.012
44.882	12.019
44.780	12.022
44.513	12.013
44.049	12.008
43.650	12.013
42.841	11.795
> #SOM_ANT (E SWIR)	
32.126	-47.000
33.174	-47.264
33.359	-46.806
33.540	-46.346
33.818	-45.979
33.982	-46.081
34.087	-46.090
34.267	-46.212
34.504	-46.222
34.704	-45.971
34.868	-45.466
35.014	-45.106
35.182	-44.855
35.660	-44.866
35.973	-44.961
36.303	-44.966
36.677	-44.920
37.085	-44.804
37.508	-44.875
38.083	-44.619
38.194	-44.401
38.338	-44.055
39.073	-44.165
39.267	-43.726
39.459	-43.286
40.506	-43.438
41.558	-43.579
41.686	-43.117
41.812	-42.655
42.469	-42.730
42.572	-42.260
42.674	-41.790
42.774	-41.320
42.873	-40.850
44.009	-40.915
44.023	-40.671
44.686	-40.691
44.716	-40.369
45.303	-40.366
45.332	-40.109
46.074	-40.119
46.160	-39.494
46.244	-38.870
47.135	-38.764
48.023	-38.651
48.017	-38.478
48.633	-38.014
49.034	-38.000
49.037	-37.792
49.945	-37.790
49.962	-37.597
50.823	-37.580
50.827	-37.451
51.555	-37.442
52.283	-37.432
52.311	-36.797
52.338	-36.162
52.902	-36.153
53.466	-36.141
53.471	-35.517
54.216	-35.302
54.255	-34.542
55.275	-34.561
55.301	-34.287
55.699	-34.235
55.738	-33.653
56.401	-33.627
57.061	-33.554
57.091	-32.835
57.122	-32.303
57.153	-31.771
57.800	-31.722
58.456	-31.691
58.530	-31.055
59.167	-31.050
59.188	-30.567
60.005	-30.561
60.763	-30.531
60.747	-30.014
60.762	-29.999
60.786	-29.465
60.810	-28.931
61.532	-28.920
61.518	-28.777
62.162	-28.811
62.135	-28.490
62.746	-28.458
62.703	-28.153
63.211	-28.164
63.194	-28.021
63.621	-28.039
63.604	-27.831
64.467	-27.817
65.332	-27.812
65.348	-27.514
66.359	-27.514
66.373	-27.281
67.129	-27.269
67.156	-26.867
67.424	-26.870
67.433	-26.572
67.962	-26.583
67.979	-26.291
68.622	-26.263
68.598	-26.121
68.820	-26.141
68.829	-26.009
69.150	-25.993
69.138	-25.784
69.460	-25.782
69.490	-25.676
> #AF_ANT (Bain FZ)	
32.126	-47.000
31.865	-47.201
31.588	-47.682
31.306	-48.163
31.008	-48.587
30.705	-49.011
30.362	-49.215
30.006	-49.611
29.712	-49.933
29.343	-50.507
28.969	-51.137
28.605	-51.772
28.403	-52.277
28.312	-52.540
28.111	-52.904
27.479	-52.771
27.370	-52.673
27.322	-52.547
26.713	-52.378
26.513	-52.620
26.338	-53.065
26.181	-53.429
25.987	-53.582
25.861	-53.480
25.647	-53.410
25.180	-53.444
>	
32.126	-47.000
33.174	-47.264
33.359	-46.806
33.540	-46.346
33.818	-45.979
33.982	-46.081
34.087	-46.090
34.267	-46.212
34.504	-46.222
34.704	-45.971
34.868	-45.466
35.014	-45.106
35.182	-44.855
35.660	-44.866
35.973	-44.961
36.303	-44.966
36.677	-44.920
37.085	-44.804
37.508	-44.875
38.083	-44.619
38.194	-44.401
38.338	-44.055
39.073	-44.165
39.267	-43.726
39.459	-43.286
40.506	-43.438
41.558	-43.579
41.686	-43.117
41.812	-42.655
42.469	-42.730
42.572	-42.260
42.674	-41.790
42.774	-41.320
42.873	-40.850
44.009	-40.915
44.023	-40.671
44.686	-40.691
44.716	-40.369
45.303	-40.366
45.332	-40.109
46.074	-40.119
46.160	-39.494
46.244	-38.870
47.135	-38.764
48.023	-38.651
48.017	-38.478
48.633	-38.014
49.034	-38.000
49.037	-37.792
49.945	-37.790
49.962	-37.597
50.823	-37.580
50.827	-37.451
51.555	-37.442
52.283	-37.432
52.311	-36.797
52.338	-36.162
52.902	-36.153
53.466	-36.141
53.471	-35.517
54.216	-35.302
54.255	-34.542
55.275	-34.561
55.301	-34.287
55.699	-34.235
55.738	-33.653
56.401	-33.627
57.061	-33.554
57.091	-32.835
57.122	-32.303
57.153	-31.771
57.800	-31.722
58.456	-31.691
58.530	-31.055
59.167	-31.050
59.188	-30.567
60.005	-30.561
60.763	-30.531
60.747	-30.014
60.762	-29.999
60.786	-29.465
60.810	-28.931
61.532	-28.920
61.518	-28.777
62.162	-28.811
62.135	-28.490
62.746	-28.458
62.703	-28.153
63.211	-28.164
63.194	-28.021
63.621	-28.039
63.604	-27.831
64.467	-27.817
65.332	-27.812
65.348	-27.514
66.359	-27.514
66.373	-27.281
67.129	-27.269
67.156	-26.867
67.424	-26.870
67.433	-26.572
67.962	-26.583
67.979	-26.291
68.622	-26.263
68.598	-26.121
68.820	-26.141
68.829	-26.009
69.150	-25.993
69.138	-25.784
69.460	-25.782
69.490	-25.676
> # AF_ANT (SWIR W)	
-0.438	-54.852
-0.039	-54.677
0.443	-54.451
0.965	-54.832
1.695	-54.399
2.360	-54.037
3.025	-53.651
3.369	-53.834
3.956	-54.127
4.415	-54.430
4.827	-54.162
5.084	-54.309
5.495	-54.543
6.184	-54.114
6.625	-53.814
7.237	-54.101
7.772	-54.396
8.288	-54.033
8.799	-53.668
9.429	-53.233
9.993	-52.792
10.542	-53.065
10.975	-53.332
11.708	-52.783
12.299	-52.375
12.895	-51.963
13.204	-52.141
13.788	-52.477
14.463	-51.997
15.112	-52.307
15.428	-52.084
15.822	-51.787
16.907	-52.169
17.806	-52.467
18.537	-52.734
18.712	-52.553
19.994	-52.817
21.250	-52.909
22.504	-53.051
23.075	-53.098
23.021	-53.200
23.886	-53.309
24.685	-53.422
> # AF_SA	
313.234	15.451
314.053	15.360
314.870	15.267
314.864	14.647
314.858	14.026
314.939	13.992
314.951	13.336
314.963	12.680
315.738	12.626
315.722	12.101
316.116	12.085
316.097	11.506
316.079	10.927
316.552	10.906
317.024	10.883
317.496	10.860
317.969	10.837
318.441	10.812
318.913	10.787
318.917	9.979
319.139	9.973
319.135	9.389
319.360	9.373
319.348	8.841
319.880	8.815
319.859	8.215
320.339	8.197
320.819	8.179
321.299	8.159
321.779	8.140
321.793	7.703
322.464	7.679
323.135	7.654
323.149	7.401
323.942	7.363
323.953	7.023
324.633	6.935
324.637	6.614
325.506	6.616
326.376	6.618
326.380	6.104
326.486	6.076
326.493	5.649
327.022	5.647
327.080	4.804
327.138	3.960
327.613	3.986
328.088	4.011
328.563	4.036
329.038	4.061
329.113	3.255
329.189	2.449
329.264	1.643
329.973	1.607
330.080	0.797
330.790	0.849
331.653	0.953
332.169	1.007
332.685	1.062
333.526	1.159
333.711	0.498
334.341	0.556
334.971	0.614
335.179	-0.245
335.388	-1.103
335.949	-1.034
336.510	-0.964
337.065	-0.880
337.619	-0.796
338.456	-0.680
338.983	-0.588
339.510	-0.497
340.325	-0.333
341.150	-0.176
341.631	-0.073
342.111	0.031
342.677	0.150
343.243	0.269
343.502	0.299
343.748	-0.556
343.963	-0.520
344.159	-1.143
344.435	-1.073
344.590	-1.493
345.341	-1.301
346.091	-1.108
346.842	-0.915
347.070	-1.507
347.299	-2.099
347.836	-1.945
348.001	-2.400
348.166	-2.855
347.971	-3.013
348.102	-3.493
348.234	-3.972
347.903	-4.103
347.961	-4.587
347.856	-4.609
347.981	-5.026
348.396	-4.942
348.484	-5.415
348.833	-5.377
348.978	-5.930
348.733	-6.020
348.819	-6.755
348.007	-6.961
347.193	-7.165
346.379	-7.367
346.511	-7.889
346.643	-8.411
346.809	-8.374
346.977	-9.225
346.752	-9.276
346.834	-9.794
346.685	-9.825
346.826	-10.623
346.969	-11.422
346.476	-11.539
345.982	-11.655
345.488	-11.771
344.994	-11.885
345.092	-12.339
345.139	-12.320
345.209	-12.656
345.450	-12.577
345.590	-13.218
345.400	-13.266
345.461	-13.737
345.522	-14.208
346.357	-14.035
346.565	-14.849
346.774	-15.663
346.616	-15.688
346.761	-16.212
346.230	-16.323
345.698	-16.433
345.762	-16.764
345.631	-16.777
345.776	-17.386
345.921	-17.995
346.481	-17.893
347.040	-17.790
347.140	-18.287
347.241	-18.785
347.523	-18.747
347.630	-19.341
347.737	-19.935
348.055	-19.825
348.148	-20.278
348.029	-20.299
348.237	-21.176
347.993	-21.209
348.151	-21.735
348.064	-21.752
348.181	-22.153
347.636	-22.267
347.090	-22.379
347.149	-22.630
346.660	-22.730
346.171	-22.829
346.336	-23.544
346.430	-23.514
346.574	-24.146
346.720	-24.777
346.189	-24.887
346.337	-25.648
345.951	-25.738
346.184	-26.586
346.310	-26.564
346.518	-27.443
346.728	-28.321
347.254	-28.213
347.467	-28.941
346.738	-29.098
346.010	-29.251
346.180	-29.851
346.284	-29.828
346.457	-30.491
346.633	-31.157
346.501	-31.179
346.629	-31.661
346.755	-32.143
346.117	-32.275
345.477	-32.400
345.554	-32.898
345.633	-33.499
345.298	-33.569
345.485	-34.043
344.726	-34.238
344.917	-34.690
344.734	-34.770
344.900	-35.182
343.973	-35.343
343.038	-35.499
342.297	-35.663
342.581	-36.068
342.915	-36.472
342.560	-36.562
342.667	-36.944
342.767	-37.374
342.467	-37.472
342.612	-38.025
342.949	-38.447
343.201	-38.401
343.639	-38.558
343.956	-38.883
344.035	-39.352
344.078	-39.681
343.585	-39.790
343.530	-40.273
343.133	-40.366
343.183	-40.790
343.256	-41.176
343.322	-41.519
343.668	-41.806
343.785	-42.338
343.570	-42.868
343.670	-43.387
343.756	-43.683
343.914	-44.132
344.076	-44.580
344.240	-45.028
344.406	-45.476
345.106	-45.371
345.285	-45.898
346.190	-45.797
346.429	-46.688
346.675	-47.578
347.390	-47.471
348.102	-47.361
348.811	-47.245
349.517	-47.126
349.704	-47.649
349.896	-48.172
350.091	-48.694
350.290	-49.216
351.078	-49.091
351.861	-48.961
351.978	-49.283
352.039	-49.270
352.362	-50.059
352.567	-50.001
352.841	-50.610
353.840	-50.417
354.831	-50.216
355.057	-50.675
355.287	-51.133
355.522	-51.591
355.762	-52.049
356.044	-51.979
356.553	-52.764
357.080	-53.547
357.628	-54.327
358.618	-54.053
359.085	-54.453
> #NA_AF	
313.234	15.451
313.352	16.019
313.471	16.587
313.411	16.607
313.502	17.087
313.593	17.566
313.480	17.588
313.609	18.422
313.682	18.421
313.776	18.935
313.816	18.932
313.907	19.377
313.999	19.823
314.060	19.802
314.226	20.618
314.443	20.596
314.581	21.222
314.485	21.247
314.615	21.822
314.752	21.806
314.843	22.390
314.934	22.973
314.976	22.963
315.076	23.646
314.301	23.784
313.524	23.917
313.804	24.597
313.881	24.590
314.208	25.254
314.501	25.192
314.704	25.637
314.908	26.081
315.101	26.055
315.184	26.270
315.133	26.280
315.313	26.767
315.494	27.254
315.617	27.236
315.797	27.671
315.978	28.107
316.058	28.105
316.437	28.811
316.517	28.802
316.912	29.469
316.963	29.471
317.271	30.070
317.864	29.973
318.214	30.606
318.570	31.237
318.816	31.194
319.290	31.817
319.447	31.802
319.871	32.444
320.300	33.084
320.414	33.067
320.601	33.768
321.403	33.637
322.202	33.501
322.322	33.736
322.467	33.705
322.664	34.136
322.755	34.124
322.954	34.567
323.138	34.554
323.215	34.712
323.377	34.693
323.627	35.280
324.442	35.148
325.254	35.010
325.541	35.625
325.665	35.616
325.858	36.079
325.943	36.071
326.018	36.221
326.228	36.185
326.405	36.742
326.687	36.691
326.775	36.941
326.995	36.916
327.057	37.065
327.292	37.033
327.354	37.176
327.605	37.137
327.717	37.391
328.484	37.282
328.629	37.705
328.929	37.680
329.395	38.403
329.570	38.388
329.829	38.888
330.091	39.387
> #NA_EUR	
330.391	39.993
330.387	40.033
330.420	40.079
330.412	40.106
330.344	40.107
330.360	40.208
330.369	40.285
330.402	40.383
330.431	40.470
330.423	40.549
330.440	40.599
330.654	40.570
330.700	40.705
330.722	40.871
330.744	40.985
330.758	41.126
330.771	41.215
330.678	41.247
330.708	41.385
330.755	41.520
330.794	41.683
330.800	41.800
330.838	41.910
330.739	41.929
330.758	42.083
330.755	42.175
330.777	42.237
330.777	42.289
330.565	42.291
330.608	42.413
330.630	42.527
330.661	42.613
330.682	42.674
330.679	42.715
330.628	42.724
330.651	42.838
330.673	42.951
330.683	43.028
330.683	43.081
330.826	43.080
330.909	43.208
330.992	43.389
331.066	43.493
331.115	43.628
331.160	43.698
331.204	43.768
331.476	43.768
331.487	43.845
331.519	43.931
331.517	44.023
331.545	44.096
331.564	44.145
331.565	44.198
331.633	44.184
331.680	44.307
331.718	44.405
331.743	44.518
331.785	44.628
331.832	44.750
331.856	44.812
331.858	44.864
331.894	44.909
331.843	44.920
331.861	44.968
331.885	45.030
331.900	45.066
331.924	45.127
332.006	45.098
332.012	45.163
332.014	45.215
332.021	45.280
332.028	45.344
332.063	45.337
332.065	45.390
332.062	45.430
332.076	45.466
332.129	45.456
332.138	45.480
332.136	45.521
332.123	45.536
332.175	45.526
332.205	45.599
332.227	45.700
332.241	45.829
332.261	45.878
332.301	45.883
332.303	45.936
332.323	45.985
332.398	45.983
332.415	46.072
332.428	46.149
332.435	46.213
332.488	46.203
332.511	46.304
332.513	46.356
332.528	46.485
332.554	46.638
332.556	46.691
332.564	46.755
332.622	46.757
332.623	46.849
332.653	46.922
332.666	46.999
332.618	47.114
332.559	47.205
332.526	47.264
332.539	47.341
332.542	47.393
332.536	47.473
332.557	47.522
332.552	47.602
332.537	47.658
332.436	47.651
332.410	47.775
332.378	47.886
332.365	47.994
332.346	48.090
332.296	48.205
332.288	48.325
332.269	48.421
332.251	48.517
332.240	48.585
332.111	48.609
331.989	48.605
331.965	48.688
331.913	48.803
331.838	48.909
331.794	48.996
331.737	49.099
331.683	49.161
331.647	49.220
331.574	49.286
331.548	49.369
331.514	49.481
331.455	49.583
331.438	49.639
331.282	49.653
331.182	49.657
331.131	49.731
331.105	49.815
331.040	49.905
331.013	49.988
331.005	50.068
330.978	50.152
330.874	50.195
330.802	50.221
330.678	50.320
330.573	50.416
330.492	50.469
330.463	50.500
330.338	50.598
330.232	50.694
330.169	50.743
330.125	50.790
330.091	50.861
330.058	50.931
330.018	50.990
330.024	51.107
329.999	51.254
330.004	51.424
329.999	51.620
329.994	51.765
329.989	51.857
329.964	51.953
329.974	52.030
329.624	52.057
329.193	52.095
328.942	52.105
328.732	52.109
328.747	52.263
328.735	52.343
328.743	52.420
328.418	52.465
328.134	52.504
327.946	52.516
327.641	52.556
327.351	52.581
327.143	52.595
326.980	52.615
326.665	52.628
326.288	52.648
325.826	52.663
325.428	52.682
325.075	52.708
325.116	52.704
324.989	52.704
324.862	52.705
324.844	52.861
324.839	52.990
324.816	53.134
324.817	53.210
324.675	53.238
324.718	53.388
324.743	53.475
324.754	53.512
324.548	53.546
324.605	53.668
324.673	53.828
324.730	53.951
324.799	54.111
324.853	54.220
324.879	54.308
324.687	54.327
324.512	54.331
324.588	54.516
324.635	54.678
324.711	54.786
324.726	54.913
324.788	54.971
324.661	54.996
324.749	55.141
324.827	55.326
324.920	55.484
325.028	55.691
325.099	55.774
325.123	55.848
325.362	55.812
325.380	55.939
325.442	56.061
325.490	56.210
325.507	56.337
325.540	56.436
325.560	56.499
325.654	56.502
325.679	56.577
325.753	56.659
325.782	56.746
325.928	56.739
325.957	56.780
325.996	56.827
326.022	56.902
326.204	56.883
326.318	56.871
326.413	56.875
326.434	57.001
326.465	57.088
326.491	57.162
326.503	57.264
326.623	57.265
326.797	57.285
326.930	57.451
326.990	57.548
327.036	57.608
327.082	57.667
327.194	57.642
327.292	57.773
327.381	57.880
327.508	57.957
327.528	58.006
327.720	57.998
327.877	58.148
328.017	58.249
328.128	58.340
328.200	58.397
328.255	58.468
328.444	58.447
328.573	58.574
328.697	58.690
328.822	58.805
328.961	58.892
329.023	58.976
329.209	58.941
329.353	59.092
329.547	59.238
329.694	59.390
329.837	59.529
329.957	59.618
330.150	59.751
330.364	59.868
330.493	59.969
330.770	60.170
330.880	60.270
330.970	60.340
331.070	60.330
331.170	60.420
331.360	60.570
331.590	60.700
331.810	60.850
331.980	60.960
332.150	61.070
332.420	61.250
332.610	61.400
332.770	61.530
332.970	61.670
333.230	61.830
333.470	61.940
333.690	62.110
333.890	62.240
334.120	62.380
334.360	62.500
334.550	62.620
334.690	62.610
334.840	62.710
334.960	62.800
335.110	62.920
335.280	62.990
335.480	63.110
335.740	63.230
335.990	63.360
336.260	63.470
336.510	63.570
336.670	63.650
336.940	63.650
337.130	63.770
337.460	63.840
337.930	63.920
338.700	64.070
339.270	64.020
339.900	63.950
340.760	63.860
340.960	63.990
341.370	64.180
342.180	64.490
342.630	64.740
342.860	65.000
342.970	65.380
343.140	65.680
343.340	65.940
343.490	66.200
342.280	66.370
342.530	66.690
341.750	66.780
341.880	66.930
340.900	67.060
341.240	67.440
341.510	67.740
341.780	68.070
342.170	68.400
342.610	68.700
342.850	68.870
343.510	68.810
343.740	69.040
343.970	69.270
344.280	69.550
344.284	69.550
344.575	69.840
344.976	70.169
345.266	70.389
345.552	70.354
345.763	70.517
345.964	70.726
346.108	70.816
346.604	70.772
347.095	70.698
347.745	70.563
347.991	70.706
348.331	70.876
348.644	71.052
348.135	71.147
347.641	71.252
347.894	71.396
348.286	71.588
348.630	71.774
349.644	71.615
350.607	71.456
352.059	71.217
352.625	71.125
353.100	71.282
353.667	71.387
354.083	71.465
354.301	71.540
354.843	71.431
355.259	71.333
355.640	71.432
355.928	71.491
356.308	71.398
357.063	71.500
357.601	71.592
358.257	71.685
359.025	71.815
359.608	71.910
>	
0.281	72.015
0.901	72.134
1.991	72.328
2.781	72.433
3.609	72.580
4.300	72.697
4.970	72.821
5.586	72.924
6.055	73.019
6.782	73.145
7.071	73.203
7.391	73.252
7.791	73.371
8.150	73.427
8.386	73.485
8.652	73.534
8.838	73.628
8.957	73.706
9.037	73.758
9.140	73.882
9.203	73.979
9.208	74.096
9.153	74.233
9.133	74.377
8.984	74.543
8.781	74.763
8.630	74.946
8.460	75.076
8.212	75.188
7.946	75.382
7.842	75.527
7.603	75.729
7.593	75.981
7.515	76.117
7.480	76.279
7.557	76.431
7.563	76.602
7.615	76.799
7.622	76.969
7.672	77.148
7.809	77.479
7.880	77.712
7.771	77.911
7.827	78.090
7.785	78.235
6.776	78.444
5.592	78.641
4.691	78.806
3.857	78.950
3.432	79.030
3.901	79.228
4.390	79.533
3.296	79.658
2.378	79.780
1.487	79.909
0.628	80.026
>	
359.749	80.142
359.031	80.213
358.234	80.309
357.659	80.370
358.316	80.625
357.058	80.756
356.636	80.792
357.221	80.993
357.586	81.126
356.546	81.251
355.359	81.370
355.848	81.552
356.091	81.620
354.967	81.913
355.463	82.050
356.204	82.290
356.300	82.328
354.990	82.519
354.135	82.691
352.788	82.868
353.766	83.000
354.846	83.249
355.852	83.430
356.796	83.570
357.637	83.690
358.794	83.864
359.531	83.996
>	
0.405	84.102
1.301	84.223
2.235	84.343
3.024	84.462
3.848	84.561
4.035	84.597
4.508	84.570
5.177	84.632
6.665	84.762
8.134	84.898
8.938	85.009
9.809	84.958
10.659	85.067
11.704	85.137
13.242	85.281
14.666	85.380
16.063	85.485
17.890	85.591
19.285	85.684
21.343	85.799
23.347	85.817
25.383	85.859
27.427	85.867
28.143	85.874
29.229	85.810
30.972	85.908
33.340	86.053
35.607	86.161
38.301	86.291
41.756	86.432
43.479	86.496
46.314	86.561
46.063	86.598
47.523	86.641
50.770	86.706
54.561	86.746
58.018	86.787
61.506	86.805
62.463	86.755
66.544	86.655
66.301	86.606
69.752	86.472
68.208	86.306
70.926	86.203
72.984	86.106
75.029	85.989
76.326	85.917
78.403	85.768
81.103	85.639
83.143	85.556
84.802	85.500
86.802	85.418
88.486	85.346
89.980	85.296
92.313	85.229
94.155	85.155
95.839	85.102
97.273	85.028
98.568	84.960
99.444	84.911
102.918	84.664
103.943	84.578
105.302	84.485
106.759	84.369
107.709	84.295
108.939	84.194
109.727	84.110
110.959	83.965
111.974	83.824
112.843	83.674
113.723	83.512
114.558	83.321
115.258	83.151
115.793	83.014
116.582	82.740
117.171	82.539
117.755	82.298
119.100	82.087
119.984	81.595
121.004	81.115
121.898	80.643
122.639	80.206
123.408	79.759
125.188	78.990
125.679	78.133
> #ANT_SA	
359.560	-54.852
358.960	-55.019
358.390	-55.129
358.390	-55.653
357.920	-55.657
357.100	-55.707
356.280	-55.740
355.940	-55.769
355.310	-55.807
355.330	-56.210
355.310	-56.592
354.550	-56.627
353.940	-56.672
353.910	-56.982
353.870	-57.240
353.460	-57.270
353.000	-57.318
352.990	-57.617
352.990	-57.869
352.480	-57.920
351.390	-57.989
350.120	-58.091
348.810	-58.158
347.350	-58.241
346.050	-58.317
344.930	-58.390
344.030	-58.439
344.000	-58.459
343.770	-58.767
343.590	-59.098
343.080	-59.098
342.330	-59.129
341.940	-59.153
341.880	-59.509
341.570	-59.542
341.450	-59.938
341.350	-60.250
340.630	-60.289
340.420	-60.811
339.350	-60.782
338.280	-60.744
337.090	-60.723
335.890	-60.692
334.910	-60.545
> #Phillippine_Caroline	
133.989	6.333
133.674	6.156
133.429	5.962
133.308	5.734
133.240	5.349
133.189	5.016
133.032	4.788
132.911	4.454
132.790	4.120
132.740	3.698
132.795	3.312
132.850	2.908
132.817	2.539
132.766	2.257
132.734	1.728
132.720	1.165
132.651	0.812
132.515	0.017
>	
330.230	39.400
330.670	39.315
330.700	39.255
330.740	39.250
330.810	39.279
330.850	39.294
330.910	39.323
330.950	39.338
331.020	39.366
331.050	39.379
331.110	39.412
331.150	39.373
331.220	39.299
331.260	39.263
331.310	39.214
331.330	39.179
331.380	39.121
331.430	39.130
331.520	39.156
331.550	39.134
331.580	39.093
331.600	39.058
331.640	39.020
331.660	38.993
331.710	38.939
331.790	38.952
331.880	38.968
331.940	38.983
332.050	39.004
332.210	39.000
332.280	38.942
332.320	38.914
332.390	38.863
332.440	38.836
332.520	38.782
332.760	38.780
332.800	38.700
332.830	38.666
332.870	38.607
332.910	38.571
332.970	38.491
332.990	38.464
333.060	38.400
333.100	38.360
333.170	38.278
333.280	38.420
333.350	38.358
333.390	38.324
333.470	38.255
333.510	38.222
333.580	38.149
333.620	38.116
333.700	38.047
333.830	38.036
333.930	37.965
333.960	37.936
334.080	37.839
334.190	37.878
334.270	37.816
334.300	37.790
334.370	37.722
334.460	37.818
334.540	37.752
334.570	37.718
334.650	37.663
334.730	37.769
334.900	37.646
335.020	37.644
335.070	37.609
335.110	37.584
335.160	37.552
335.180	37.533
335.230	37.500
335.270	37.467
335.330	37.411
335.300	37.352
335.260	37.273
335.250	37.217
335.320	37.127
335.370	37.095
335.450	37.017
335.500	36.971
335.570	36.910
335.620	36.863
335.690	36.792
335.750	36.781
335.850	36.789
335.950	36.755
336.430	36.646
>	
59.410	14.895
59.034	15.088
58.589	14.646
58.213	14.916
57.984	14.599
57.476	14.662
57.001	14.660
56.265	14.623
>	
330.510	-55.033
330.290	-55.204
330.190	-55.327
330.210	-55.501
330.230	-55.605
330.180	-55.683
329.680	-55.754
329.670	-55.863
329.670	-55.949
329.670	-56.052
329.680	-56.134
329.670	-56.290
329.620	-56.443
329.280	-56.449
329.270	-56.511
329.260	-56.570
329.260	-56.859
329.530	-56.851
329.620	-57.094
329.870	-57.095
329.930	-57.599
330.150	-57.598
330.160	-58.262
329.990	-58.272
330.050	-58.805
330.440	-58.817
330.450	-59.514
329.890	-59.515
329.970	-59.937
330.120	-60.174
330.400	-60.435
331.320	-60.459
332.300	-60.467
332.300	-60.617
333.110	-60.506
333.930	-60.391
>	
305.700	-61.510
306.880	-61.037
307.930	-60.753
308.880	-60.572
309.110	-60.094
310.400	-60.044
311.750	-59.968
313.040	-59.960
314.400	-60.091
315.770	-60.243
>	
176.184	-16.552
176.179	-16.670
176.148	-16.816
176.106	-16.965
176.065	-17.090
176.036	-17.239
175.986	-17.541
175.973	-17.804
176.336	-17.823
176.342	-18.038
176.300	-18.140
176.244	-18.243
176.215	-18.319
176.212	-18.611
176.136	-18.732
176.061	-18.895
175.975	-19.022
175.922	-19.080
175.900	-19.162
175.885	-19.327
175.839	-19.445
175.772	-19.547
175.559	-19.755
175.574	-19.976
175.590	-20.189
175.828	-20.629
176.121	-21.166
>	
151.654	-9.760
151.834	-9.761
151.838	-9.906
151.918	-9.930
152.024	-9.942
152.086	-9.944
152.214	-9.945
152.223	-10.039
152.413	-10.047
152.547	-10.056
152.651	-10.078
152.849	-10.088
152.855	-10.384
153.174	-10.398
153.362	-10.398
153.552	-10.355
153.752	-10.345
153.847	-10.325
154.010	-10.341
154.125	-10.331
154.169	-10.323
154.219	-10.279
154.218	-9.913
154.379	-9.872
154.596	-9.811
154.719	-9.763
154.849	-9.723
154.856	-9.839
154.951	-9.835
155.070	-9.795
155.172	-9.730
155.172	-9.621
155.291	-9.556
155.347	-9.532
155.436	-9.493
155.473	-9.568
155.577	-9.531
155.599	-9.581
155.708	-9.548
155.797	-9.526
155.813	-9.572
155.908	-9.555
155.979	-9.548
155.989	-9.558
156.086	-9.538
156.066	-9.405
156.124	-9.381
156.101	-9.268
156.258	-9.225
156.350	-9.206
156.428	-9.179
156.390	-8.809
156.361	-8.598
156.331	-8.385
156.296	-8.174
