> #NAZ_SA	
283.994	-45.659
284.179	-44.849
284.218	-44.051
284.368	-43.648
284.442	-42.972
284.598	-42.285
284.603	-41.826
284.608	-41.367
284.811	-40.863
284.805	-40.359
284.872	-39.813
284.851	-39.564
285.012	-39.068
285.164	-38.542
285.345	-38.138
285.404	-37.563
285.558	-36.725
285.738	-36.165
286.103	-35.578
286.325	-34.888
286.754	-34.290
287.062	-33.837
287.139	-33.359
287.111	-32.742
287.238	-32.319
287.322	-31.531
287.382	-30.965
287.400	-30.190
287.445	-29.536
287.567	-28.901
287.830	-28.278
288.042	-27.755
288.153	-27.248
288.247	-26.652
288.372	-25.840
288.476	-25.093
288.534	-24.263
288.610	-23.523
288.652	-22.758
288.693	-21.965
288.751	-21.262
288.677	-20.758
288.638	-20.249
288.513	-19.811
288.254	-19.298
287.734	-18.722
287.263	-18.257
286.600	-17.747
286.051	-17.374
285.391	-16.823
284.708	-16.330
284.084	-15.736
283.597	-15.219
283.235	-14.843
282.875	-14.467
282.361	-13.914
281.852	-13.387
281.593	-13.014
281.335	-12.641
280.853	-11.890
280.382	-11.291
280.003	-10.560
279.632	-9.921
279.299	-9.434
278.959	-8.665
278.625	-7.988
278.451	-7.306
278.216	-6.655
278.046	-6.003
278.002	-5.253
277.990	-4.504
278.074	-3.721
278.401	-3.245
278.348	-3.000
278.468	-2.437
278.401	-1.814
278.585	-1.095
278.771	-0.284
279.113	0.432
279.426	1.053
279.708	1.549
280.209	2.074
280.522	2.427
280.835	2.780
281.338	3.392
281.658	4.066
281.920	4.832
282.090	5.505
281.950	6.053
281.914	6.122
281.871	6.239
281.849	6.343
281.805	6.461
281.735	6.502
281.664	6.564
281.600	6.660
281.557	6.757
281.458	6.853
281.401	6.942
281.302	6.997
281.253	7.031
281.238	7.100
281.285	7.232
281.354	7.337
>#NAmerica_Pacific	
141.883	34.213
141.992	34.666
142.029	34.889
142.067	35.164
142.170	35.217
142.221	35.333
142.325	35.503
142.460	35.673
142.555	35.944
142.606	36.001
142.681	36.064
142.761	36.188
142.887	36.264
143.020	36.339
143.151	36.520
143.275	36.649
143.408	36.860
143.518	37.059
143.637	37.290
143.743	37.479
143.843	37.710
143.888	37.928
143.928	38.166
143.973	38.359
144.017	38.536
144.061	38.709
144.119	38.909
144.189	39.123
144.203	39.374
144.236	39.557
144.225	39.767
144.254	39.928
144.283	40.067
144.328	40.203
144.399	40.367
144.479	40.549
144.454	40.847
145.077	41.319
145.710	41.788
146.198	42.076
146.690	42.362
147.345	42.685
148.340	43.208
149.311	43.721
150.339	44.187
150.877	44.447
151.419	44.704
152.240	45.158
152.880	45.529
153.528	45.897
154.195	46.440
154.664	46.853
155.141	47.263
155.742	47.725
156.353	48.183
157.024	48.659
157.568	49.107
158.121	49.552
158.644	49.855
159.174	50.154
159.877	50.855
160.599	51.488
160.945	52.159
161.584	52.654
162.458	53.003
162.790	53.625
163.282	54.347
163.670	54.779
164.066	55.209
164.847	54.957
165.771	54.588
166.407	54.237
167.413	53.906
168.188	53.569
168.836	53.208
169.752	52.855
170.700	52.498
171.847	52.026
172.964	51.684
174.219	51.403
175.571	51.108
176.720	50.896
177.680	50.698
178.498	50.619
179.688	50.506
180.798	50.496
181.520	50.490
182.242	50.484
182.912	50.496
183.777	50.588
184.371	50.745
185.093	50.826
185.881	50.896
186.672	50.964
187.516	51.069
188.366	51.171
189.103	51.306
189.841	51.439
190.622	51.632
191.028	51.740
192.010	52.001
193.181	52.257
193.892	52.453
194.610	52.644
195.335	52.818
196.066	52.988
196.823	53.180
197.587	53.367
198.336	53.496
199.090	53.621
199.871	53.741
200.656	53.855
202.014	54.101
202.933	54.318
203.862	54.527
204.761	54.785
205.840	55.239
206.836	55.610
207.773	56.058
208.782	56.309
209.453	56.499
209.919	56.623
210.780	56.925
211.743	57.347
212.551	57.832
213.241	58.352
213.736	58.814
214.244	59.273
>#NAmerica_Juan de Fuca	
235.258	40.313
235.047	40.633
235.067	40.884
234.911	41.135
234.818	41.380
234.691	41.652
234.719	41.818
234.687	41.986
234.669	42.142
234.710	42.285
234.791	42.359
234.802	42.492
234.732	42.561
234.711	42.862
234.711	43.051
234.657	43.143
234.606	43.267
234.526	43.426
234.520	43.737
234.550	43.925
234.571	44.002
234.638	44.066
234.628	44.323
234.628	44.523
234.624	44.667
234.566	44.725
234.563	44.881
234.565	45.104
234.483	45.474
234.345	45.946
234.227	46.295
234.124	46.643
234.002	46.970
233.915	47.350
233.630	47.748
233.514	47.996
233.267	48.291
232.982	48.565
232.622	48.750
232.392	48.877
232.182	49.080
232.148	49.491
231.971	49.781
231.717	49.885
231.586	50.086
231.281	50.310
230.990	50.479
230.540	50.647
230.262	50.836
230.018	51.101
229.788	51.278
229.452	51.398
229.150	51.612
>Cocos_N/Central America	
251.418	21.905
251.603	21.835
251.886	21.720
252.072	21.686
252.226	21.740
252.414	21.742
252.607	21.748
252.829	21.752
252.954	21.754
253.110	21.799
253.138	21.716
253.192	21.640
253.243	21.483
253.376	21.311
253.449	21.236
253.475	21.184
253.558	21.121
253.619	20.840
253.613	20.638
253.615	20.428
253.648	20.203
253.729	19.916
253.879	19.644
254.051	19.402
254.261	19.164
254.454	18.981
254.753	18.762
255.275	18.368
255.594	18.209
255.809	18.138
256.208	17.920
256.800	17.615
257.568	17.280
258.297	17.026
259.133	16.636
259.664	16.442
260.194	16.298
260.565	16.134
260.972	15.919
261.412	15.771
261.834	15.640
262.309	15.508
263.781	15.361
263.273	15.360
262.783	15.358
264.201	15.276
264.534	15.090
264.883	14.887
265.127	14.700
265.458	14.479
265.945	14.222
266.344	14.016
266.691	13.793
267.038	13.722
267.401	13.498
267.937	13.271
267.728	13.223
268.281	13.080
268.692	12.832
269.102	12.584
273.352	10.235
273.551	9.938
273.796	9.684
274.090	9.423
274.388	9.203
274.619	9.089
274.956	8.937
275.314	8.772
275.581	8.637
275.842	8.474
275.993	8.300
276.162	8.182
276.395	8.044
276.640	7.928
276.767	7.849
276.926	7.592
277.125	7.366
>#Cocos_Rivera	
254.414	17.881
254.490	18.140
254.558	18.355
254.648	18.551
254.753	18.762
>#SAmerica/Scotia_ANT	
283.994	-45.659
284.042	-46.422
284.003	-47.080
283.679	-47.478
283.350	-47.875
283.075	-48.507
282.976	-49.192
283.010	-49.845
283.243	-50.729
283.374	-51.377
283.517	-52.068
283.688	-52.929
283.980	-53.435
284.280	-53.941
284.761	-54.294
285.251	-54.645
285.880	-55.004
286.520	-55.359
287.005	-55.665
287.723	-55.962
288.452	-56.255
289.599	-56.622
290.744	-56.852
291.903	-57.072
292.898	-57.502
294.133	-57.736
295.383	-57.959
296.429	-58.359
297.429	-58.603
298.960	-59.011
300.296	-59.453
301.030	-59.729
301.777	-59.999
>#PAC_AUS	
175.503	-42.059
176.081	-41.910
176.673	-41.756
177.123	-41.657
177.607	-41.500
178.015	-41.188
178.284	-40.807
178.566	-40.424
178.792	-40.087
178.950	-39.685
179.125	-39.230
179.215	-38.889
179.366	-38.538
179.569	-38.204
179.838	-37.476
180.189	-36.793
180.629	-36.179
180.956	-35.542
181.359	-35.022
181.461	-34.706
181.587	-34.485
181.706	-34.241
181.792	-33.846
182.019	-33.579
182.190	-33.191
182.334	-32.696
182.351	-32.203
182.462	-31.957
182.699	-31.793
182.892	-31.452
183.081	-31.037
183.310	-30.678
183.453	-30.322
183.661	-29.881
183.847	-29.469
183.922	-29.065
184.005	-28.697
184.115	-28.264
184.215	-27.784
184.455	-27.318
184.600	-26.857
184.577	-26.437
184.585	-26.025
184.618	-25.729
184.703	-25.426
184.739	-25.142
184.771	-24.836
184.791	-24.472
184.898	-24.070
185.015	-23.750
185.158	-23.513
185.337	-23.221
185.511	-22.906
185.677	-22.617
185.861	-22.290
186.048	-21.915
186.182	-21.526
186.297	-21.248
186.449	-20.893
186.597	-20.586
186.782	-20.204
186.947	-19.779
187.030	-19.461
187.126	-19.071
187.214	-18.777
187.302	-18.483
187.409	-18.152
187.460	-17.935
187.555	-17.677
187.626	-17.271
187.665	-16.963
187.689	-16.716
187.693	-16.332
187.700	-16.041
187.669	-15.732
187.645	-15.561
187.572	-15.373
187.398	-15.151
187.226	-15.033
187.061	-14.867
186.870	-14.785
186.727	-14.697
186.593	-14.584
>#AUS_PAC (Puseygnar)	
166.951	-44.987
167.100	-44.826
167.368	-44.648
167.688	-44.466
168.081	-44.330
168.488	-44.166
168.770	-44.021
166.951	-44.987
166.710	-45.211
166.537	-45.350
166.377	-45.515
166.205	-45.736
166.019	-45.887
165.920	-45.958
165.733	-46.065
165.427	-46.190
165.168	-46.405
165.021	-46.601
164.943	-46.783
164.923	-47.011
164.838	-47.148
164.739	-47.256
164.699	-47.444
164.651	-47.521
164.528	-47.658
164.480	-47.759
164.483	-47.920
164.398	-48.059
164.389	-48.202
164.309	-48.274
164.287	-48.429
164.215	-48.592
164.130	-48.742
163.964	-48.917
163.868	-49.116
163.740	-49.322
163.545	-49.573
163.448	-49.761
163.412	-49.847
163.296	-49.985
163.235	-50.079
>#PAC-Phillipine	
134.269	6.610
134.521	6.990
134.269	6.610
134.521	6.990
135.415	6.895
136.183	6.989
136.759	7.368
137.144	7.620
137.529	7.871
137.982	8.534
138.309	9.196
138.359	9.379
138.574	9.953
138.710	10.649
138.813	11.121
139.483	10.901
140.100	10.946
140.772	10.858
141.608	11.058
142.122	11.285
142.961	11.403
143.097	11.569
143.503	11.494
144.157	11.790
144.619	12.021
145.024	12.211
145.349	12.314
145.691	12.647
146.221	13.002
146.752	13.363
147.201	14.216
147.462	14.966
147.684	15.653
147.787	16.523
147.856	17.283
147.811	18.060
147.820	18.646
147.619	19.172
147.460	19.745
147.207	20.303
147.019	20.805
146.822	21.331
146.545	21.730
146.062	22.201
145.292	22.712
144.706	23.250
144.022	23.764
143.522	24.391
143.096	24.909
143.098	24.918
143.075	25.612
143.231	26.329
143.260	26.737
143.243	27.463
143.172	27.941
143.002	28.519
142.748	28.975
142.507	29.621
142.473	30.128
142.224	30.711
142.159	31.315
142.099	31.983
141.994	32.558
142.012	33.252
141.858	33.704
141.883	34.213
> #Burma/Sunda Trench	
92.517	14.384
92.068	13.715
91.889	13.154
91.700	12.283
91.643	11.792
91.591	11.300
91.576	10.514
91.559	10.056
91.533	9.604
91.596	9.130
91.651	8.656
91.781	8.160
91.903	7.663
92.278	6.948
92.376	6.333
92.537	5.702
92.665	5.005
92.903	4.384
93.227	3.716
93.754	3.048
94.405	2.457
94.979	2.104
95.542	1.882
96.089	1.487
96.202	1.345
96.380	1.123
96.670	0.759
97.011	0.116
97.372	-0.547
97.770	-1.247
98.035	-1.634
98.301	-2.021
98.874	-2.665
99.370	-3.312
99.675	-3.729
99.980	-4.145
100.359	-4.656
100.791	-5.305
101.346	-5.983
101.858	-6.558
102.452	-7.197
103.183	-7.621
103.763	-7.863
104.576	-8.167
104.981	-8.569
105.590	-8.926
106.123	-9.240
106.345	-9.371
106.827	-9.665
107.379	-9.890
107.836	-10.053
108.363	-10.178
109.067	-10.328
109.626	-10.371
110.159	-10.440
110.615	-10.477
111.015	-10.477
111.523	-10.577
112.170	-10.652
112.563	-10.758
113.204	-10.870
113.756	-10.964
114.410	-11.088
115.013	-11.151
115.571	-11.219
116.174	-11.275
116.853	-11.331
117.576	-11.337
118.236	-11.387
118.750	-11.362
119.270	-11.393
119.841	-11.462
120.451	-11.524
120.886	-11.493
> #Phillippines-W (Asia)	
121.575	24.691
121.779	24.255
122.140	23.949
122.501	23.643
123.010	23.469
123.518	23.454
124.026	23.438
124.534	23.420
125.042	23.401
125.550	23.380
125.954	23.498
126.426	23.761
126.901	24.101
127.398	24.503
127.907	24.969
128.462	25.458
128.978	25.859
129.360	26.191
129.785	26.671
130.211	27.213
130.523	27.709
130.649	28.136
131.097	28.318
131.309	28.451
131.467	28.751
131.524	28.859
131.628	28.987
131.760	29.392
132.073	29.818
132.402	30.215
132.630	30.493
132.824	30.754
132.965	30.970
133.197	31.216
133.500	31.515
134.042	31.882
134.691	32.200
135.026	32.326
135.356	32.460
135.612	32.537
136.025	32.686
136.524	32.868
137.030	33.053
137.546	33.405
138.066	33.750
138.383	34.059
138.508	34.582
138.674	35.034
139.234	35.014
139.429	34.860
139.923	34.713
140.440	34.631
140.870	34.529
141.104	34.439
141.441	34.356
141.883	34.213
> #PAC_AUS (New Hebrides)	
156.296	-8.174
156.467	-8.382
156.706	-8.563
156.782	-8.602
156.858	-8.615
156.935	-8.642
157.049	-8.706
157.177	-8.746
157.241	-8.784
157.317	-8.823
157.419	-8.900
157.572	-8.965
157.648	-9.004
157.724	-9.068
157.827	-9.107
157.916	-9.159
157.992	-9.210
158.056	-9.249
158.145	-9.313
158.273	-9.390
158.388	-9.442
158.478	-9.481
158.580	-9.507
158.709	-9.546
158.773	-9.559
158.850	-9.585
158.926	-9.624
159.003	-9.650
159.068	-9.688
159.119	-9.726
159.170	-9.765
159.221	-9.829
159.285	-9.880
159.362	-9.931
159.439	-9.969
159.503	-10.021
159.580	-10.084
159.644	-10.123
159.708	-10.174
159.772	-10.200
159.837	-10.251
159.914	-10.276
159.978	-10.315
160.068	-10.379
160.132	-10.417
160.210	-10.468
160.287	-10.519
160.364	-10.570
160.493	-10.634
160.544	-10.672
160.622	-10.723
160.725	-10.787
160.776	-10.838
160.867	-10.914
160.931	-10.965
160.996	-11.029
161.060	-11.054
161.125	-11.130
161.202	-11.168
161.306	-11.194
161.384	-11.232
161.461	-11.245
161.552	-11.283
161.720	-11.321
161.798	-11.359
161.901	-11.397
162.018	-11.422
162.109	-11.434
162.225	-11.422
162.354	-11.421
162.484	-11.421
162.626	-11.382
162.833	-11.356
163.053	-11.311
163.195	-11.291
163.311	-11.265
163.505	-11.238
163.699	-11.199
163.854	-11.185
163.996	-11.158
164.151	-11.144
164.267	-11.118
164.409	-11.091
164.512	-11.090
164.641	-11.114
164.758	-11.164
164.901	-11.200
165.070	-11.287
165.252	-11.411
165.396	-11.549
165.514	-11.686
165.621	-11.887
165.715	-12.127
165.770	-12.316
165.838	-12.517
165.894	-12.744
165.909	-12.870
165.952	-13.072
166.020	-13.261
166.090	-13.513
166.132	-13.676
166.154	-13.779
166.161	-13.828
166.204	-13.991
166.234	-14.181
166.250	-14.345
166.252	-14.420
166.268	-14.559
166.271	-14.686
166.262	-14.889
166.213	-15.041
166.228	-15.130
166.217	-15.244
166.193	-15.345
166.209	-15.434
166.225	-15.560
166.227	-15.674
166.270	-15.799
166.285	-15.887
166.340	-15.975
166.395	-16.087
166.450	-16.187
166.506	-16.300
166.562	-16.438
166.604	-16.538
166.659	-16.625
166.728	-16.737
166.810	-16.836
166.868	-16.987
166.950	-17.098
167.059	-17.209
167.155	-17.307
167.171	-17.396
167.215	-17.521
167.245	-17.633
167.275	-17.759
167.320	-17.922
167.350	-18.022
167.394	-18.147
167.424	-18.247
167.455	-18.360
167.486	-18.486
167.504	-18.611
167.521	-18.712
167.607	-18.886
167.680	-19.048
167.727	-19.236
167.812	-19.372
167.886	-19.533
167.943	-19.632
168.003	-19.769
168.075	-19.893
168.160	-20.003
168.191	-20.090
168.263	-20.201
168.335	-20.325
168.396	-20.474
168.512	-20.646
168.585	-20.781
168.645	-20.893
168.705	-21.016
168.776	-21.101
168.879	-21.261
168.996	-21.420
169.054	-21.506
169.143	-21.640
169.215	-21.725
169.288	-21.823
169.320	-21.909
169.419	-21.980
169.491	-22.052
169.577	-22.124
169.719	-22.230
169.835	-22.350
169.950	-22.445
170.036	-22.516
170.109	-22.587
170.221	-22.644
170.321	-22.702
170.420	-22.759
170.547	-22.827
170.660	-22.884
170.745	-22.917
170.842	-22.949
170.939	-22.968
171.037	-23.000
171.162	-23.030
171.288	-23.072
171.385	-23.091
171.496	-23.110
171.620	-23.127
171.703	-23.146
171.854	-23.149
171.950	-23.155
172.060	-23.173
172.197	-23.176
172.278	-23.171
172.361	-23.177
172.439	-23.178
>	
-63.878	10.532
-63.233	10.509
-62.641	10.482
-62.158	10.458
-61.542	10.427
-60.927	10.395
-60.457	10.345
-59.988	10.295
-59.121	10.220
-58.639	10.190
-58.157	10.160
>	
65.028	24.382
64.161	24.350
63.366	24.285
62.581	24.283
61.955	24.087
61.365	24.122
60.870	24.177
60.374	24.232
59.603	24.311
58.716	24.363
57.832	24.443
57.345	24.788
57.121	25.552
57.057	26.049
56.992	26.545
56.875	27.301
56.423	27.368
55.662	26.947
54.728	26.668
53.860	26.717
53.241	27.121
52.504	27.561
51.912	27.957
51.283	28.487
50.998	29.072
51.057	29.578
50.453	30.103
49.974	30.453
49.492	30.802
49.265	31.212
49.036	31.621
48.489	32.237
48.170	32.308
47.770	32.311
47.411	32.448
46.608	32.887
45.918	33.390
45.505	33.893
45.000	34.591
>	
333.929	-60.391
334.931	-59.973
335.544	-59.386
336.009	-58.921
336.181	-58.195
335.870	-57.425
335.767	-57.174
335.304	-56.734
334.851	-56.292
334.279	-55.840
333.586	-55.424
333.005	-55.232
332.396	-55.095
331.353	-55.005
330.511	-55.033
>	
120.452	21.632
120.344	21.202
120.290	20.631
120.502	20.255
120.441	19.937
120.115	19.487
119.795	18.878
119.279	18.201
119.161	17.629
119.248	16.840
119.255	16.556
>	
124.891	14.704
125.150	14.132
125.494	13.306
125.686	12.818
126.137	12.265
126.240	11.630
126.214	11.060
126.573	10.296
126.824	9.449
127.053	8.750
127.219	8.136
127.234	7.292
127.250	6.447
127.459	5.897
127.498	5.474
127.836	5.224
128.151	4.763
128.387	4.335
128.684	3.700
128.998	3.114
129.217	2.671
129.246	1.928
129.197	1.059
>	
129.197	1.059
129.989	0.684
130.546	0.475
131.102	0.266
131.738	0.150
132.373	0.034
132.515	0.017
132.824	-0.043
133.327	-0.146
133.899	0.057
134.471	0.259
134.938	0.421
135.656	-0.023
136.451	-0.228
136.943	-0.422
137.435	-0.616
138.054	-0.718
138.674	-0.820
138.793	-1.159
139.257	-1.390
139.805	-1.557
140.226	-1.767
140.837	-1.893
141.195	-2.167
141.594	-2.272
141.868	-2.398
142.246	-2.693
>	
155.454	-7.489
155.812	-7.706
156.047	-7.884
156.296	-8.174
>	
-56.925	-60.565
-56.269	-60.742
-55.810	-60.700
-55.067	-60.763
-54.309	-60.978
-54.301	-61.510
>	
164.066	55.209
163.340	55.817
162.592	56.420
162.960	56.836
163.336	57.250
163.721	57.664
164.115	58.076
164.518	58.487
164.930	58.897
166.258	59.376
167.623	59.842
169.027	60.293
169.865	61.017
170.743	61.736
>	
20.300	37.804
20.760	37.098
21.327	36.629
21.599	36.216
21.893	35.933
22.375	35.742
22.866	35.437
23.399	34.990
23.874	34.628
24.593	34.340
25.577	34.249
26.465	34.198
27.226	34.335
27.684	34.706
28.050	34.870
28.478	35.127
28.779	35.312
29.070	35.378
29.345	35.425
29.731	35.427
30.221	35.154
30.793	34.991
31.256	34.826
31.740	34.634
32.172	34.487
32.668	34.390
33.101	34.290
33.735	34.302
34.054	34.505
34.500	34.785
34.900	35.091
35.362	35.405
35.791	35.689
36.413	36.023
